   0.0306369115
   0.0278754226
   0.0202891194
   0.0274810486
   0.0111192695
   0.0079463415
   0.0092230577
   0.0111501140
   0.0284200641
   0.0191774430
   0.0251081826
   0.0154318692
   0.0098116342
  -0.0126403016
  -0.0102006760
  -0.0258561038
  -0.0156839498
  -0.0343599601
  -0.0156278641
  -0.0342827532
  -0.0310995339
   0.0005225031
  -0.0332972536
  -0.0174630122
  -0.0222826893
  -0.0161029963
  -0.0093070819
   0.0020431103
   0.0104057552
  -0.0030017883
   0.0057092854
   0.0185010621
   0.0018862086
   0.0040545661
   0.0014127074
   0.0071489787
   0.0093341361
   0.0154943213
   0.0058571882
   0.0022686416
   0.0074959575
   0.0033018191
  -0.0014551240
  -0.0027880800
  -0.0034386808
   0.0146810442
   0.0053734537
  -0.0206821098
  -0.0245654344
  -0.0379302506
  -0.0316615309
  -0.0415749348
  -0.0457663252
  -0.0386730413
  -0.0250051816
  -0.0424850191
  -0.0475912340
  -0.0454022114
  -0.0260551280
  -0.0430377185
  -0.0464778688
  -0.0370379884
  -0.0297921976
  -0.0402437172
  -0.0331436097
  -0.0250198282
   0.0035554167
   0.0004218841
   0.0034704783
   0.0191087658
  -0.0004575652
   0.0132966608
   0.0012655737
  -0.0015913502
  -0.0024813182
   0.0032697197
   0.0055479319
   0.0029386148
   0.0042609191
  -0.0026678205
  -0.0014901938
   0.0093221144
   0.0194877071
  -0.0024071758
   0.0165417091
  -0.0059317159
  -0.0014216769
   0.0060385354
  -0.0228030164
  -0.0359808003
  -0.0435335652
  -0.0293743297
  -0.0505337649
  -0.0525800914
  -0.0467103338
  -0.0467010699
  -0.0545358188
  -0.0552323248
  -0.0521799769
  -0.0518237847
  -0.0535931879
  -0.0486587148
  -0.0386287438
  -0.0463109165
  -0.0354155897
  -0.0286493247
   0.0026113847
   0.0139068752
   0.0028786812
   0.0032296084
   0.0039896887
   0.0034940981
   0.0034127883
   0.0019506712
   0.0099593149
   0.0121590638
   0.0093326379
   0.0048207940
   0.0199798996
   0.0230950476
   0.0170369022
   0.0118949619
   0.0181882033
   0.0246082521
   0.0267387488
   0.0198680387
   0.0082704140
  -0.0102391503
  -0.0002252566
   0.0209913572
   0.0008135657
   0.0304288032
   0.0371667353
   0.0317204343
   0.0302810289
   0.0499271451
   0.0369167261
   0.0313204814
   0.0305993440
   0.0479001523
   0.0361855481
   0.0295243898
   0.0350544285
   0.0026124585
   0.0255594138
   0.0191750317
   0.0055661233
  -0.0204183210
   0.0221754004
   0.0147396486
   0.0078563610
   0.0169239072
   0.0228883252
   0.0184896616
   0.0373018869
   0.0277557929
   0.0448949996
   0.0066753408
   0.0270793358
   0.0371579074
   0.0449203056
   0.0264256213
   0.0367275703
   0.0370331051
   0.0264291325
  -0.0059631492
  -0.0229814340
  -0.0014843526
   0.0040505053
  -0.0201758754
  -0.0006474011
   0.0046581296
  -0.0213613867
  -0.0037371069
  -0.0081190749
  -0.0418314223
   0.0032632188
   0.0031546873
  -0.0034734119
  -0.0203601016
   0.0007228747
   0.0023572113
   0.0024810095
  -0.0042760757
   0.0012244467
   0.0026576348
   0.0023164288
   0.0007888622
   0.0020535258
   0.0024143075
  -0.0053163662
   0.0016961531
   0.0024997813
   0.0032676043
  -0.0028554155
  -0.0209832604
   0.0039045479
  -0.0068983028
  -0.0371397982
   0.0009032505
   0.0099306340
   0.0038780267
  -0.0225198495
   0.0099393800
   0.0038726477
  -0.0210323344
  -0.0100781499
   0.0013842849
  -0.0205855255
   0.0021251137
  -0.0125699193
   0.0031196505
   0.0084934296
   0.0079159607
   0.0055472566
   0.0021817790
  -0.0025127083
   0.0066808598
   0.0069533524
   0.0057920084
   0.0064483986
   0.0053257672
   0.0037373239
   0.0010622736
   0.0074233546
   0.0065708775
  -0.0266134748
  -0.0086095120
   0.0039637944
   0.0087652906
  -0.0220973838
   0.0007603605
   0.0250589125
   0.0231938309
   0.0227856870
   0.0245300546
   0.0226235223
   0.0106572591
   0.0068592738
   0.0088478364
   0.0088252242
   0.0217308168
   0.0139680633
   0.0341108453
   0.0192258401
   0.0113361082
   0.0076514500
  -0.0075618141
  -0.0075666819
  -0.0163091392
  -0.0094226605
  -0.0160834818
  -0.0219935450
  -0.0096737969
  -0.0244779086
  -0.0170609348
  -0.0240598291
  -0.0174256570
  -0.0134900313
  -0.0210784123
  -0.0110791043
  -0.0137763113
  -0.0095455675
  -0.0054556969
   0.0007781624
   0.0060091888
  -0.0038495716
   0.0000918667
   0.0025606520
   0.0024055893
   0.0049491583
   0.0090306828
   0.0041192228
   0.0027302490
   0.0035844583
   0.0020462142
  -0.0028114079
  -0.0026787001
  -0.0049033445
   0.0083809191
   0.0016405271
  -0.0141929016
  -0.0150372174
  -0.0265918800
  -0.0224599259
  -0.0290697736
  -0.0339050846
  -0.0285722047
  -0.0291705454
  -0.0360316808
  -0.0358241727
  -0.0300521244
  -0.0364423512
  -0.0358390503
  -0.0312387662
  -0.0348216853
  -0.0275983666
  -0.0202209528
  -0.0290113326
  -0.0239359705
  -0.0178727205
   0.0029430093
  -0.0013455179
   0.0005756080
   0.0107556537
   0.0078568283
   0.0010381046
  -0.0032341833
  -0.0032566696
   0.0022544593
   0.0026415785
   0.0016206256
   0.0012552648
  -0.0036721113
   0.0043620614
   0.0109385306
  -0.0033917666
   0.0093751056
  -0.0030921905
   0.0015988704
  -0.0165179250
  -0.0257380877
  -0.0316681953
  -0.0201777610
  -0.0377802696
  -0.0400690373
  -0.0333380808
  -0.0405342457
  -0.0438973225
  -0.0427397684
  -0.0355631557
  -0.0411096134
  -0.0442929294
  -0.0432218958
  -0.0365295336
  -0.0391036138
  -0.0414648444
  -0.0360903878
  -0.0278669413
  -0.0344520906
  -0.0256687504
  -0.0211312951
   0.0023936391
   0.0079755829
   0.0015260642
   0.0032956475
   0.0007181962
   0.0014766049
   0.0062240084
   0.0076132491
   0.0075059899
   0.0081215634
   0.0024471408
   0.0161712379
   0.0191322301
   0.0146688387
   0.0096977823
   0.0119730764
   0.0172056488
   0.0207596817
   0.0219470011
   0.0168700529
   0.0091602278
  -0.0021093598
  -0.0056838493
   0.0189505005
   0.0093492399
  -0.0071701913
   0.0262867594
   0.0303229175
   0.0270151871
   0.0256216262
   0.0387722941
   0.0308275806
   0.0271999813
   0.0257934221
   0.0370251021
   0.0305066466
   0.0265200928
   0.0367392301
   0.0299051645
   0.0256280618
   0.0287008893
   0.0189275324
   0.0091920719
  -0.0095646019
   0.0208005049
   0.0158844370
   0.0067852477
  -0.0088506162
   0.0179141375
   0.0127245230
   0.0060918952
   0.0097420369
   0.0156345227
   0.0191072434
   0.0144911989
   0.0302351640
   0.0237849759
   0.0370734776
   0.0099092109
   0.0232601370
   0.0307786563
   0.0402306059
   0.0171174991
   0.0268200925
   0.0331411615
   0.0371634348
   0.0082951498
   0.0224591632
   0.0302928323
   0.0300355281
   0.0227596694
  -0.0096863676
  -0.0263225258
  -0.0066101852
  -0.0001171231
  -0.0103258667
  -0.0010966473
   0.0025359867
  -0.0218308908
  -0.0051956815
   0.0006745572
  -0.0171331343
  -0.0072341451
   0.0012412802
  -0.0048847709
  -0.0183163079
   0.0001331397
   0.0013688048
  -0.0013539073
  -0.0092106761
  -0.0212583062
  -0.0005840629
   0.0000890050
   0.0009047771
  -0.0025105280
  -0.0044869349
   0.0000061738
   0.0002922995
   0.0000883193
  -0.0005909008
  -0.0002021163
   0.0007786750
  -0.0028867877
  -0.0050741724
   0.0004385917
  -0.0003891997
   0.0012802377
  -0.0011272065
  -0.0093005781
  -0.0238170133
   0.0010085394
  -0.0042436719
  -0.0169368155
   0.0040161953
  -0.0032206748
   0.0054893614
  -0.0015368538
   0.0076107823
   0.0037277303
  -0.0075051106
   0.0055360025
  -0.0011875156
  -0.0020003302
  -0.0081079244
   0.0021999184
   0.0068124044
  -0.0185883732
  -0.0039107347
   0.0035868555
   0.0058992727
   0.0046187419
   0.0035135575
   0.0015702287
  -0.0043084107
   0.0004316413
   0.0046906211
   0.0043047753
   0.0030587772
   0.0038389331
   0.0033048370
   0.0025804635
  -0.0009384676
   0.0022709580
   0.0051017869
   0.0040554267
  -0.0122079559
  -0.0017777446
   0.0042136499
   0.0061972953
  -0.0274722794
  -0.0074450980
   0.0021362896
   0.0071403510
   0.0211100307
   0.0219134962
   0.0196246774
   0.0199532893
   0.0148880068
   0.0056061457
   0.0190165752
   0.0252701391
   0.0232470881
   0.0190135639
   0.0098691779
   0.0064234546
   0.0081915740
   0.0076230529
   0.0174486927
   0.0111025924
   0.0285861924
   0.0262687731
   0.0118249802
   0.0219363577
   0.0155260535
   0.0091490932
   0.0066084938
  -0.0042059697
  -0.0051841553
  -0.0102892048
  -0.0052397643
  -0.0110920225
  -0.0141588704
  -0.0056076884
  -0.0163565361
  -0.0107846979
  -0.0159855674
  -0.0050498140
  -0.0158595485
  -0.0112522905
  -0.0090599300
  -0.0134260112
  -0.0066291062
  -0.0085055294
  -0.0052952338
  -0.0028861893
   0.0006035323
   0.0039461984
  -0.0001394908
   0.0020396439
   0.0030040218
   0.0042405055
   0.0058312896
   0.0039109610
   0.0028908245
   0.0018882433
   0.0018694850
  -0.0079949729
  -0.0029283585
  -0.0020712656
  -0.0048043283
   0.0051218911
   0.0000587340
  -0.0098570003
  -0.0085172154
  -0.0198047285
  -0.0168943676
  -0.0200756402
  -0.0261787515
  -0.0239925810
  -0.0197758347
  -0.0275976728
  -0.0287352345
  -0.0207971410
  -0.0280699441
  -0.0288525856
  -0.0225584999
  -0.0272251138
  -0.0237491782
  -0.0136879633
  -0.0220779128
  -0.0180729742
  -0.0130364374
   0.0019953916
  -0.0018290028
   0.0065975084
   0.0047783525
   0.0004130577
  -0.0034200883
  -0.0034208665
  -0.0056650379
   0.0002312290
   0.0008001520
  -0.0010438444
  -0.0074631584
  -0.0237564677
   0.0005935842
   0.0001337058
  -0.0036945083
   0.0018444365
   0.0065709228
  -0.0035580981
  -0.0094689770
  -0.0035379281
  -0.0004945921
  -0.0123753804
  -0.0196327063
  -0.0247502908
  -0.0266429848
  -0.0322231369
  -0.0304923388
  -0.0290852178
  -0.0349970233
  -0.0357175680
  -0.0323539632
  -0.0297845560
  -0.0353814093
  -0.0361174481
  -0.0329944347
  -0.0277087440
  -0.0333824180
  -0.0321843323
  -0.0211645209
  -0.0272138350
  -0.0193295389
  -0.0160652040
   0.0018591879
   0.0049673402
   0.0009909698
   0.0023462633
  -0.0001283624
   0.0007008194
   0.0039107838
   0.0054500015
   0.0057239631
  -0.0106317836
   0.0002080889
   0.0046598164
   0.0060727102
   0.0052866185
   0.0000340303
   0.0015135722
   0.0135287353
   0.0166263326
   0.0118281318
   0.0068846381
   0.0093597815
   0.0148168019
   0.0186203440
   0.0196075971
   0.0147263137
   0.0080580920
  -0.0017688767
   0.0085415189
  -0.0049926592
   0.0233136287
   0.0269370976
   0.0237225115
   0.0329055614
   0.0267791260
   0.0238067371
   0.0225088600
   0.0317127300
   0.0265173801
   0.0233193983
   0.0313021959
   0.0260236236
   0.0228022727
   0.0254900552
   0.0085167117
  -0.0064909598
   0.0183747721
   0.0137504582
   0.0061280757
  -0.0069858339
   0.0152670028
   0.0098524665
   0.0032627156
   0.0071225598
   0.0131469812
   0.0167687905
   0.0117573440
   0.0262137670
   0.0198848446
   0.0326066144
   0.0106670888
   0.0206464963
   0.0268286950
   0.0356559750
   0.0157765326
   0.0234272082
   0.0289186808
   0.0327714370
   0.0094876856
   0.0200272598
   0.0264866167
   0.0260933063
   0.0190084825
  -0.0099168621
  -0.0095762905
  -0.0023772132
  -0.0135495961
  -0.0038104328
   0.0001805903
  -0.0080733354
  -0.0016403736
  -0.0077102332
  -0.0031053161
  -0.0116865104
   0.0001063175
  -0.0012702420
  -0.0062838494
  -0.0157411718
  -0.0016391741
  -0.0011035891
  -0.0005932955
  -0.0040118305
  -0.0057217356
  -0.0009455197
  -0.0010691625
  -0.0011684110
  -0.0015889124
  -0.0013621140
  -0.0007028047
  -0.0043372410
  -0.0061818723
  -0.0002715194
  -0.0001144457
  -0.0011819466
  -0.0061475825
  -0.0165482993
   0.0004302446
  -0.0028706115
  -0.0107340653
  -0.0040043122
   0.0027323567
  -0.0049937089
   0.0049270008
   0.0005851146
  -0.0112591541
   0.0028668468
  -0.0044194412
  -0.0027211099
  -0.0177823237
  -0.0037486387
   0.0028376762
  -0.0112693240
  -0.0014726412
   0.0031584601
   0.0043243038
   0.0022109305
   0.0003106197
  -0.0059392554
  -0.0014051015
   0.0028978991
   0.0028418706
   0.0014030568
   0.0022433950
   0.0019830392
   0.0013174903
  -0.0025750193
   0.0004201621
   0.0033968771
   0.0026957453
  -0.0176249348
  -0.0077776749
  -0.0002696909
   0.0036073469
   0.0047252818
  -0.0161198814
  -0.0036389770
   0.0028125074
   0.0179686252
   0.0188392322
   0.0241305677
   0.0170946492
   0.0174497510
   0.0132480517
   0.0171285471
   0.0127719696
   0.0051995952
  -0.0108631123
   0.0193520847
   0.0163596719
   0.0205320872
   0.0196011733
   0.0160703218
   0.0089335514
   0.0059604751
   0.0106417678
   0.0073821249
   0.0068185607
   0.0144150383
   0.0053496651
   0.0092819001
   0.0227923151
   0.0114324010
   0.0096542411
   0.0209980724
   0.0093082598
   0.0172370762
   0.0129007377
   0.0077753613
   0.0059375846
  -0.0020439974
  -0.0033941162
  -0.0064443947
  -0.0025384178
  -0.0076021213
  -0.0091211421
  -0.0028822638
  -0.0108152538
  -0.0046664069
  -0.0110212828
  -0.0096670274
   0.0005603617
  -0.0108289037
  -0.0097518809
  -0.0000142052
  -0.0105637234
  -0.0053662140
  -0.0060249263
  -0.0085627912
  -0.0036431163
  -0.0052044499
  -0.0026157251
  -0.0012390583
   0.0006992389
   0.0027557734
  -0.0000284197
   0.0017531716
   0.0031821609
   0.0038699456
   0.0039099425
   0.0038442321
   0.0027403380
   0.0011119526
   0.0019138085
  -0.0053853220
  -0.0026955359
  -0.0014976119
  -0.0043394577
   0.0031665694
  -0.0006221688
  -0.0069393535
  -0.0050503020
  -0.0141323545
  -0.0125285721
  -0.0128356507
  -0.0191535943
  -0.0192416160
  -0.0143776435
  -0.0120008543
  -0.0203636401
  -0.0226410566
  -0.0198626457
  -0.0120898075
  -0.0203875659
  -0.0234829510
  -0.0223627605
  -0.0140034836
  -0.0212938723
  -0.0230147281
  -0.0193393592
  -0.0158337393
  -0.0205609735
  -0.0196660995
  -0.0096436346
  -0.0163695645
  -0.0137620404
  -0.0097297506
   0.0010864099
  -0.0019424624
   0.0042275929
   0.0028220778
  -0.0002600238
  -0.0032486288
  -0.0034287990
  -0.0056797397
  -0.0014632640
  -0.0004420423
  -0.0010497009
  -0.0003264242
  -0.0011606562
  -0.0047632642
  -0.0136131605
  -0.0010033035
  -0.0005387186
  -0.0104360845
  -0.0045517930
  -0.0035218633
   0.0004691276
   0.0040646948
  -0.0034869855
  -0.0072388072
  -0.0035893072
  -0.0015273666
  -0.0149779227
  -0.0187292202
  -0.0240325455
  -0.0250525421
  -0.0206398834
  -0.0265188631
  -0.0289031836
  -0.0277099507
  -0.0221390786
  -0.0233720221
  -0.0286463382
  -0.0302835889
  -0.0293356838
  -0.0253373590
  -0.0271364113
  -0.0295105910
  -0.0285328593
  -0.0236265965
  -0.0251300102
  -0.0265087276
  -0.0231294074
  -0.0163281132
  -0.0210155782
  -0.0149584421
  -0.0126118593
   0.0012851585
   0.0032032606
   0.0007257777
   0.0014416405
  -0.0003575894
   0.0002864672
   0.0025258907
   0.0040040630
   0.0014774125
   0.0038678304
   0.0044951389
  -0.0199864856
  -0.0054642045
   0.0011137685
   0.0037541375
   0.0043297280
   0.0031858381
  -0.0002602409
   0.0009867991
   0.0115578966
   0.0142812659
   0.0100591319
   0.0061833422
   0.0081296735
   0.0127886433
   0.0160022434
   0.0167799810
   0.0125822272
   0.0070682096
  -0.0001582684
  -0.0050744904
   0.0145567387
   0.0084606684
  -0.0004708982
  -0.0049222208
   0.0208413324
   0.0234969029
   0.0210244659
   0.0281749997
   0.0235382720
   0.0211583127
   0.0199295644
   0.0274476732
   0.0234026779
   0.0209976524
   0.0269507675
   0.0231336811
   0.0206134480
   0.0265624530
   0.0227416749
   0.0140286884
   0.0077829198
  -0.0025014180
   0.0154888219
   0.0114180836
   0.0050372797
  -0.0047161597
   0.0128157443
   0.0081070424
   0.0030530491
   0.0059796346
   0.0110997713
   0.0141811485
   0.0097630230
   0.0220532369
   0.0166710707
   0.0274928818
   0.0087049682
   0.0171878694
   0.0226614572
   0.0047384428
   0.0147978149
   0.0207893505
   0.0254717200
   0.0144975333
   0.0206032086
   0.0253871442
   0.0276496235
   0.0165376028
   0.0223279443
  -0.0096474000
  -0.0034193108
  -0.0158250789
  -0.0061164094
  -0.0018040376
  -0.0147962585
  -0.0056732915
  -0.0015514350
  -0.0080619412
  -0.0026539604
  -0.0072929992
  -0.0021271615
  -0.0067075295
  -0.0155840384
  -0.0009424743
  -0.0020591594
  -0.0059320970
  -0.0124643593
  -0.0020055535
  -0.0017272542
  -0.0015855592
  -0.0042372488
  -0.0052288574
  -0.0016656641
  -0.0018949556
  -0.0019138904
  -0.0019040276
  -0.0019115343
  -0.0016840322
  -0.0044838786
  -0.0054424238
  -0.0010278327
  -0.0011153275
  -0.0020415821
  -0.0059531392
  -0.0132298529
  -0.0005672802
  -0.0020773778
  -0.0063275155
  -0.0151357097
  -0.0077528486
  -0.0198025938
  -0.0035868911
   0.0014326583
  -0.0047964742
   0.0027653718
  -0.0017732517
   0.0028189594
  -0.0016401416
   0.0017141821
  -0.0040865960
  -0.0087660648
  -0.0012308340
   0.0025666348
  -0.0095589418
  -0.0020996553
   0.0017810468
   0.0029113008
   0.0013603688
  -0.0005000138
  -0.0051840394
  -0.0020381452
   0.0015282477
   0.0018338618
   0.0003382537
   0.0011978090
   0.0012598998
   0.0005310865
  -0.0024297927
  -0.0003632071
   0.0021052081
   0.0018150180
  -0.0123932318
  -0.0063761020
  -0.0008166015
   0.0023169214
   0.0032215624
  -0.0189285851
  -0.0073481033
  -0.0007919577
   0.0028448353
  -0.0112992005
