   3.9695187485   -0.6362973521    1.9560377750
   5.3039764023    1.2489479832    0.1373844271
   4.6374547166    2.0012954402    0.1373844271
   3.9695187485   -0.6362973521   -1.6812689209
   2.2171815001   -0.5020016302    2.2391115758
   1.6921815001    0.4073250438    1.9577649238
   2.2171815001   -0.5020016302   -1.9608884242
   2.0903465479   -1.8219955025    2.3318757419
   3.1403465479   -1.8219955025    2.0505290898
   2.6153465479   -2.7313221765    2.0505290898
   3.1403465479   -1.8219955025   -1.5867776061
   2.6153465479   -2.7313221765   -1.5867776061
   2.0903465479   -1.8219955025   -1.8681242581
   0.8509918091   -2.2459342210    2.3066995713
  -0.1990081909   -2.2459342210    2.0253529193
   0.3259918091   -3.1552608950    2.0253529193
   1.3759918091   -3.1552608950    2.0253529193
   0.5921704520   -4.0460763002    1.2566995713
   1.6064877133   -3.9002394948    1.2566995713
   0.1063215463   -4.2094683307    0.2066995713
   1.1041188376   -4.3306228566    0.2066995713
   2.0439277772   -3.9742003394    0.2066995713
   0.5921704520   -4.0460763002   -0.8433004287
   1.6064877133   -3.9002394948   -0.8433004287
   0.3259918091   -3.1552608950   -1.6119537766
   1.3759918091   -3.1552608950   -1.6119537766
   0.8509918091   -2.2459342210   -1.8933004287
   0.1286377608   -1.1164514286    2.1891060767
  -0.3963622392   -0.2071247546    1.9077594247
  -0.3963622392   -2.0257781025    1.9077594247
   1.1786377608   -1.1164514286   -1.7295472712
  -0.3963622392   -0.2071247546   -1.7295472712
  -0.3963622392   -2.0257781025   -1.7295472712
   0.1286377608   -1.1164514286   -2.0108939233
   0.9245930550   -0.0184607513    2.1437525639
   1.4495930550    0.8908659226    1.8624059118
  -0.1254069450   -0.0184607513    1.8624059118
  -0.1254069450   -0.0184607513   -1.7749007841
   1.4495930550   -0.9277874253   -1.7749007841
   0.9245930550   -0.0184607513   -2.0562474361
   0.4157090707    1.3150090381    2.0215568783
   1.4657090707    1.3150090381    1.7402102263
  -0.1092909293    2.2243357121    1.7402102263
   1.4657090707    1.3150090381   -1.8970964696
  -0.1092909293    2.2243357121   -1.8970964696
  -0.1092909293    0.4056823642   -1.8970964696
   0.4157090707    1.3150090381   -2.1784431217
   1.0766705268    2.3178508715    1.8377634653
   2.0566705268    2.3178508715    1.5751732568
   1.5666705268    3.1665557672    1.5751732568
   0.5866705268    3.1665557672    1.5751732568
   2.4499038945    3.3155633140    0.8577634653
   1.6011989988    3.9321835144    0.8577634653
   0.5521420549    3.9321835144    0.8577634653
   3.0366705268    2.3178508715   -0.1222365347
   2.7740803183    3.2978508715   -0.1222365347
   2.0566705268    4.0152606629   -0.1222365347
   1.0766705268    4.2778508715   -0.1222365347
   2.7740803183    2.3178508715   -1.1022365347
   2.4499038945    3.3155633140   -1.1022365347
   1.6011989988    3.9321835144   -1.1022365347
   0.5521420549    3.9321835144   -1.1022365347
   2.0566705268    2.3178508715   -1.8196463261
   1.5666705268    3.1665557672   -1.8196463261
   0.5866705268    3.1665557672   -1.8196463261
   1.0766705268    2.3178508715   -2.0822365347
  -0.9778568367    1.3282748220    1.9563423055
  -0.4528568367    2.2376014959    1.6749956535
  -2.0278568367    1.3282748220    1.6749956535
  -0.4528568367    0.4189481480    1.6749956535
  -0.4528568367    2.2376014959   -1.9623110424
  -0.4528568367    0.4189481480   -1.9623110424
  -0.9778568367    1.3282748220   -2.2436576945
  -0.6099151430    2.6175405014    1.5474864737
  -1.1349151430    3.5268671754    1.5474864737
  -1.9187365001    4.4176825806    0.7788331257
  -2.4045854058    4.5810746110   -0.2711668743
  -3.2317877142    4.0100980837   -0.2711668743
  -1.9187365001    4.4176825806   -1.3211668743
  -0.6099151430    2.6175405014   -2.0898202222
  -1.1349151430    3.5268671754   -2.0898202222
  -1.8150342885    0.2177625206    2.0002288767
  -0.7650342885    0.2177625206    1.7188822246
  -2.3400342885    1.1270891945    1.7188822246
  -0.7650342885    0.2177625206   -1.9184244713
  -2.3400342885    1.1270891945   -1.9184244713
  -2.3400342885   -0.6915641534   -1.9184244713
  -1.8150342885    0.2177625206   -2.1997711233
  -3.0052264486    0.3433318942    1.7952876586
  -3.4952264486    1.1920367899    1.5326974500
  -3.9852264486    0.3433318942    1.5326974500
  -3.4952264486   -0.5053730015    1.5326974500
  -4.3784598163    1.3410443367    0.8152876586
  -4.7026362400    0.3433318942    0.8152876586
  -4.3784598163   -0.6543805483    0.8152876586
  -3.9852264486    2.0407416856   -0.1647123414
  -4.7026362400    1.3233318942   -0.1647123414
  -4.9652264486    0.3433318942   -0.1647123414
  -4.7026362400   -0.6366681058   -0.1647123414
  -4.3784598163    1.3410443367   -1.1447123414
  -4.7026362400    0.3433318942   -1.1447123414
  -4.3784598163   -0.6543805483   -1.1447123414
  -3.4952264486    1.1920367899   -1.8621221328
  -3.9852264486    0.3433318942   -1.8621221328
  -3.4952264486   -0.5053730015   -1.8621221328
  -3.0052264486    0.3433318942   -2.1247123414
  -1.2353216725   -1.0200957177    2.1198980816
  -0.7103216725   -0.1107690437    1.8385514296
  -0.7103216725   -1.9294223917    1.8385514296
  -0.7103216725   -1.9294223917   -1.7987552663
  -1.2353216725   -1.0200957177   -2.0801019184
  -1.0549901992   -2.1898477023    1.8845064157
  -1.5799901992   -3.0991743762    1.8845064157
  -4.1439680158   -2.6924105973    0.0658530677
  -3.6768627704   -3.5824052846    0.0658530677
  -2.8496604620   -4.1533818119    0.0658530677
  -2.3638115563   -3.9899897814   -0.9841469323
  -1.0549901992   -2.1898477023   -1.7528002802
   3.4495684793    0.9636837776    2.6480248281
   4.4370477031    0.9636837776    2.3271733786
   3.7547163410    1.9028323281    2.3271733786
   2.6506810056    1.5441095023    2.3271733786
   2.6506810056    0.3832580528    2.3271733786
   3.7547163410    0.0245352270    2.3271733786
   5.0473434266    0.9636837776    1.4871733786
   4.6735350990    1.9907137168    1.4871733786
   3.7270191872    2.5371849333    1.4871733786
   2.6506810056    2.3473974715    1.4871733786
   1.9481511515    1.5101549941    1.4871733786
   4.6735350990    1.9907137168    0.4488762775
   3.7270191872    2.5371849333    0.4488762775
   5.2661571682   -0.4090530878    1.5849448290
   4.5838258061   -1.3482016383    1.5849448290
   5.8764528917   -0.4090530878    0.7449448290
   5.5026445641    0.6179768515    0.7449448290
   4.5561286522   -1.9825542435    0.7449448290
   5.5026445641   -1.4360830270    0.7449448290
   5.8764528917   -0.4090530878   -0.2933522721
   5.5026445641    0.6179768515   -0.2933522721
   4.5561286522   -1.9825542435   -0.2933522721
   5.5026445641   -1.4360830270   -0.2933522721
   5.2661571682   -0.4090530878   -1.1333522721
   4.5838258061   -1.3482016383   -1.1333522721
   3.8064178842    2.4074501812   -0.2628198708
   5.1267421236    0.8339490255   -1.3011169719
   4.7529337961    1.8609789647   -1.3011169719
   3.8064178842    2.4074501812   -1.3011169719
   2.7300797026    2.2176627195   -1.3011169719
   4.5164464001    0.8339490255   -2.1411169719
   3.8341150380    1.7730975761   -2.1411169719
   2.7300797026    1.4143747502   -2.1411169719
   2.7300797026    0.2535233008   -2.1411169719
   3.8341150380   -0.1051995250   -2.1411169719
   3.5289671763    0.8339490255   -2.4619684214
   3.9291094090   -2.4667309597    1.6781391781
   3.2467780469   -3.4058795102    1.6781391781
   4.5394051325   -2.4667309597    0.8381391781
   2.1427427114   -3.8504446536    0.8381391781
   3.2190808930   -4.0402321154    0.8381391781
   4.1655968049   -3.4937608989    0.8381391781
   4.5394051325   -2.4667309597   -0.2001579230
   3.2190808930   -4.0402321154   -0.2001579230
   4.1655968049   -3.4937608989   -0.2001579230
   3.9291094090   -2.4667309597   -1.0401579230
   3.2467780469   -3.4058795102   -1.0401579230
  -0.6031941070    4.3256020253    1.0648050518
   0.3156246510    4.4134834140    0.2248050518
  -0.6308912608    4.9599546305    0.2248050518
  -1.7072294424    4.7701671687    0.2248050518
   0.3156246510    4.4134834140   -0.8134920493
  -0.6308912608    4.9599546305   -0.8134920493
  -1.7072294424    4.7701671687   -0.8134920493
   0.0791372551    3.3864534748   -1.6534920493
  -0.6031941070    4.3256020253   -1.6534920493
  -3.7452955832    3.1827298026   -0.6609886892
  -3.7452955832    2.0897873696   -0.6609886892
  -1.9664275476    4.2097597419   -1.6992857903
  -3.0427657292    4.0199722801   -1.6992857903
  -3.7452955832    3.1827298026   -1.6992857903
  -3.7452955832    2.0897873696   -1.6992857903
  -1.2563990316    2.6362585861   -2.5392857903
  -1.9387303937    3.5754071367   -2.5392857903
  -3.0427657292    3.2166843109   -2.5392857903
  -3.0427657292    2.0558328614   -2.5392857903
  -1.9387303937    1.6971100356   -2.5392857903
  -2.2438782555    2.6362585861   -2.8601372397
  -2.3236845721    2.7671316894    2.2482811434
  -1.3362053483    2.7671316894    1.9274296940
  -2.0185367104    3.7062802399    1.9274296940
  -3.1225720458    3.3475574141    1.9274296940
  -3.1225720458    2.1867059646    1.9274296940
  -2.0185367104    1.8279831388    1.9274296940
  -2.0462338642    4.3406328451    1.0874296940
  -3.1225720458    4.1508453833    1.0874296940
  -3.8251018999    3.3136029059    1.0874296940
  -3.8251018999    2.2206604729    1.0874296940
  -3.1225720458    4.1508453833    0.0491325929
  -3.8251018999    3.3136029059    0.0491325929
  -3.8251018999    2.2206604729    0.0491325929
  -1.1760130307   -4.0013337685    1.5313376018
  -2.2800483662   -4.4458989119    0.6913376018
  -1.2037101846   -4.6356863737    0.6913376018
  -0.2571942727   -4.0892151572    0.6913376018
  -2.2800483662   -4.4458989119   -0.3469594993
  -1.2037101846   -4.6356863737   -0.3469594993
  -0.2571942727   -4.0892151572   -0.3469594993
  -0.4936816686   -3.0621852179   -1.1869594993
  -1.1760130307   -4.0013337685   -1.1869594993
  -4.1859184518   -1.7113004720   -0.3251495633
  -4.1859184518   -2.8042429050   -0.3251495633
  -4.1859184518   -1.7113004720   -1.3634466644
  -4.1859184518   -2.8042429050   -1.3634466644
  -3.4833885977   -3.6414853825   -1.3634466644
  -2.4070504161   -3.8312728442   -1.3634466644
  -1.6970219002   -2.2577716885   -2.2034466644
  -2.3793532623   -1.3186231379   -2.2034466644
  -3.4833885977   -1.6773459638   -2.2034466644
  -3.4833885977   -2.8381974132   -2.2034466644
  -2.3793532623   -3.1969202390   -2.2034466644
  -2.6845011241   -2.2577716885   -2.5242981139
  -2.7830154022   -2.1142358544    2.5842506085
  -1.7955361783   -2.1142358544    2.2633991590
  -2.4778675404   -1.1750873038    2.2633991590
  -3.5819028758   -1.5338101297    2.2633991590
  -3.5819028758   -2.6946615791    2.2633991590
  -2.4778675404   -3.0533844049    2.2633991590
  -3.5819028758   -0.7305221604    1.4233991590
  -4.2844327299   -1.5677646379    1.4233991590
  -4.2844327299   -2.6607070709    1.4233991590
  -3.5819028758   -3.4979495483    1.4233991590
  -4.2844327299   -1.5677646379    0.3851020579
  -4.2844327299   -2.6607070709    0.3851020579
   3.9651792354   -0.6287810950    2.2997097100
   5.5526300220    1.2882422048    0.6714346685
   5.5526300220    1.2882422048   -0.3966658144
   5.3209143064    0.2730293219   -1.3589910974
   3.9651792354   -0.6287810950   -2.0249408559
   2.2171815001   -0.5020016302    2.5391115758
   1.6965210132    0.3998087867    2.3014368588
   2.2171815001   -0.5020016302   -2.2608884242
   2.0903465479   -1.8219955025    2.6318757419
   3.1316675218   -1.8219955025    2.3942010248
   2.6110070349   -2.7238059194    2.3942010248
   3.9667421059   -1.8219955025   -1.2644997826
   3.1316675218   -1.8219955025   -1.9304495411
   2.6110070349   -2.7238059194   -1.9304495411
   2.0903465479   -1.8219955025   -2.1681242581
   0.8509918091   -2.2459342210    2.6066995713
  -0.1903291648   -2.2459342210    2.3690248543
   0.3303313221   -3.1477446379    2.3690248543
   1.3716522960   -3.1477446379    2.3690248543
  -0.3777859631   -3.6640193652    1.7030750958
   0.5839528787   -4.1032307777    1.7030750958
   1.6304746942   -3.9527636564    1.7030750958
   0.3303313221   -4.5270968625    0.7407498128
   1.3716522960   -4.5270968625    0.7407498128
   0.3303313221   -4.5270968625   -0.3273506702
   1.3716522960   -4.5270968625   -0.3273506702
  -0.3777859631   -3.6640193652   -1.2896759532
   0.5839528787   -4.1032307777   -1.2896759532
   1.6304746942   -3.9527636564   -1.2896759532
   0.3303313221   -3.1477446379   -1.9556257117
   1.3716522960   -3.1477446379   -1.9556257117
   0.8509918091   -2.2459342210   -2.1933004287
   0.1286377608   -1.1164514286    2.4891060767
  -0.3920227262   -0.2146410117    2.2514313597
  -0.3920227262   -2.0182618454    2.2514313597
  -0.3920227262   -2.0182618454   -2.0732192062
   0.1286377608   -1.1164514286   -2.3108939233
   0.9245930550   -0.0184607513    2.4437525639
   1.4452535419    0.8833496655    2.2060778468
  -0.1167279189   -0.0184607513   -2.1185727191
   1.4452535419   -0.9202711682   -2.1185727191
   0.9245930550   -0.0184607513   -2.3562474361
   0.4157090707    1.3150090381    2.3215568783
   1.4570300446    1.3150090381    2.0838821613
  -0.1049514162    2.2168194550    2.0838821613
   1.4570300446    1.3150090381   -2.2407684046
  -0.1049514162    2.2168194550   -2.2407684046
  -0.1049514162    0.4131986213   -2.2407684046
   0.4157090707    1.3150090381   -2.4784431217
   1.0766705268    2.3178508715    2.1177634653
   2.0485701025    2.3178508715    1.8959337294
   1.5626203147    3.1595405939    1.8959337294
   0.5907207390    3.1595405939    1.8959337294
   2.4935040284    3.3472406655    1.2743806215
   1.6178527680    3.9834385458    1.2743806215
   0.5354882856    3.9834385458    1.2743806215
   3.0103635063    3.3327312372    0.3762103574
   2.3172322045    4.1151147419    0.3762103574
   1.3399031727    4.4857667531    0.3762103574
   3.0103635063    3.3327312372   -0.6206834267
   2.3172322045    4.1151147419   -0.6206834267
   1.3399031727    4.4857667531   -0.6206834267
   2.4935040284    3.3472406655   -1.5188536908
   1.6178527680    3.9834385458   -1.5188536908
   0.5354882856    3.9834385458   -1.5188536908
   2.0485701025    2.3178508715   -2.1404067988
   1.5626203147    3.1595405939   -2.1404067988
   0.5907207390    3.1595405939   -2.1404067988
   1.0766705268    2.3178508715   -2.3622365347
  -0.9778568367    1.3282748220    2.2563423055
  -0.4571963497    2.2300852388    2.0186675885
  -2.0191778106    1.3282748220    2.0186675885
  -0.4571963497    0.4264644051    2.0186675885
  -0.4571963497    0.4264644051   -2.3059829774
  -0.9778568367    1.3282748220   -2.5436576945
  -0.6185941691    2.6175405014    1.8911584087
  -1.1392546561    3.5193509183    1.8911584087
  -2.1805756299    4.8987031429    0.2628833672
  -2.1805756299    4.8987031429   -0.8052171158
  -3.1187734089    4.4468909051   -0.8052171158
  -1.9269540734    4.4748370581   -1.7675423988
  -0.6185941691    2.6175405014   -2.4334921573
  -1.8150342885    0.2177625206    2.3002288767
  -0.7737133146    0.2177625206    2.0625541597
  -2.3356947754    1.1195729374    2.0625541597
  -0.7737133146    0.2177625206   -2.2620964063
  -2.3356947754   -0.6840478963   -2.2620964063
  -1.8150342885    0.2177625206   -2.4997711233
  -3.0052264486    0.3433318942    2.0752876586
  -3.4911762364    1.1850216166    1.8534579227
  -3.9771260242    0.3433318942    1.8534579227
  -3.4911762364   -0.4983578282    1.8534579227
  -4.4220599502    1.3727216882    1.2319048147
  -4.7565289693    0.3433318942    1.2319048147
  -4.4220599502   -0.6860578998    1.2319048147
  -4.6398530555    1.7914847009    0.3337345506
  -5.1256065934    0.8659586611    0.3337345506
  -5.1256065934   -0.1792948727    0.3337345506
  -4.6398530555   -1.1048209126    0.3337345506
  -4.6398530555    1.7914847009   -0.6631592335
  -5.1256065934    0.8659586611   -0.6631592335
  -5.1256065934   -0.1792948727   -0.6631592335
  -4.6398530555   -1.1048209126   -0.6631592335
  -4.4220599502    1.3727216882   -1.5613294976
  -4.7565289693    0.3433318942   -1.5613294976
  -4.4220599502   -0.6860578998   -1.5613294976
  -3.4911762364    1.1850216166   -2.1828826055
  -3.9771260242    0.3433318942   -2.1828826055
  -3.4911762364   -0.4983578282   -2.1828826055
  -3.0052264486    0.3433318942   -2.4047123414
  -1.2353216725   -1.0200957177    2.4198980816
  -0.7146611855   -0.1182853008    2.1822233646
  -0.7146611855   -1.9219061346   -2.1424272013
  -1.2353216725   -1.0200957177   -2.3801019184
  -1.0636692253   -2.1898477023    2.2281783507
  -1.5843297123   -3.0916581191    2.2281783507
  -2.3720291296   -4.0471442589    1.5622285922
  -3.5638484651   -4.0191981060    0.5999033092
  -3.5638484651   -4.0191981060   -0.4681971738
  -2.6256506862   -4.4710103437   -0.4681971738
  -1.0636692253   -2.1898477023   -2.0964722152
   3.4495684793    0.9636837776    2.8880248281
   4.4095684793    0.9636837776    2.6307936033
   3.9295684793    1.7950681652    2.6307936033
   2.9695684793    1.7950681652    2.6307936033
   2.4895684793    0.9636837776    2.6307936033
   2.9695684793    0.1322993899    2.6307936033
   3.9295684793    0.1322993899    2.6307936033
   5.1123372545    0.9636837776    1.9280248281
   4.7947766762    1.9410347416    1.9280248281
   3.9633922885    2.5450708564    1.9280248281
   2.9357446700    2.5450708564    1.9280248281
   2.1043602824    1.9410347416    1.9280248281
   5.1123372545    1.9236837776    0.9680248281
   4.4095684793    2.6264525528    0.9680248281
   3.4495684793    2.8836837776    0.9680248281
   5.2386779443   -0.4090530878    1.8885650537
   4.7586779443   -1.2404374754    1.8885650537
   5.9414467196   -0.4090530878    1.1857962784
   5.6238861412    0.5682978763    1.1857962784
   4.7925017536   -1.9904401666    1.1857962784
   5.6238861412   -1.3864040518    1.1857962784
   6.1986779443   -0.4090530878    0.2257962784
   5.9414467196    0.5509469122    0.2257962784
   5.2386779443   -2.0718218630    0.2257962784
   5.9414467196   -1.3690530878    0.2257962784
   5.9414467196   -0.4090530878   -0.7342037216
   4.7925017536   -1.9904401666   -0.7342037216
   5.6238861412   -1.3864040518   -0.7342037216
   5.2386779443   -0.4090530878   -1.4369724968
   4.7586779443   -1.2404374754   -1.4369724968
   5.1917359515    1.7939490255   -0.7819684214
   4.4889671763    2.4967178008   -0.7819684214
   3.5289671763    2.7539490255   -0.7819684214
   5.1917359515    0.8339490255   -1.7419684214
   4.8741753732    1.8112999896   -1.7419684214
   4.0427909855    2.4153361043   -1.7419684214
   3.0151433670    2.4153361043   -1.7419684214
   4.4889671763    0.8339490255   -2.4447371966
   4.0089671763    1.6653334131   -2.4447371966
   3.0489671763    1.6653334131   -2.4447371966
   2.5689671763    0.8339490255   -2.4447371966
   3.0489671763    0.0025646379   -2.4447371966
   4.0089671763    0.0025646379   -2.4447371966
   3.5289671763    0.8339490255   -2.7019684214
   3.9016301851   -2.4667309597    1.9817594028
   3.4216301851   -3.2981153473    1.9817594028
   4.6043989604   -2.4667309597    1.2789906275
   2.4278063758   -4.0481180385    1.2789906275
   3.4554539944   -4.0481180385    1.2789906275
   4.2868383820   -3.4440819237    1.2789906275
   4.8616301851   -2.4667309597    0.3189906275
   2.9416301851   -4.3867309597    0.3189906275
   3.9016301851   -4.1294997349    0.3189906275
   4.6043989604   -3.4267309597    0.3189906275
   4.6043989604   -2.4667309597   -0.6410093725
   2.4278063758   -4.0481180385   -0.6410093725
   3.4554539944   -4.0481180385   -0.6410093725
   4.2868383820   -3.4440819237   -0.6410093725
   3.9016301851   -2.4667309597   -1.3437781478
   3.4216301851   -3.2981153473   -1.3437781478
  -0.4283419687    4.2178378624    1.3684252765
   0.4368662282    4.3638044389    0.6656565012
  -0.3945181595    4.9678405536    0.6656565012
  -1.4221657780    4.9678405536    0.6656565012
   0.0516580313    5.0492222500   -0.2943434988
  -0.9083419687    5.3064534748   -0.2943434988
  -1.8683419687    5.0492222500   -0.2943434988
   0.4368662282    4.3638044389   -1.2543434988
  -0.3945181595    4.9678405536   -1.2543434988
  -1.4221657780    4.9678405536   -1.2543434988
   0.0516580313    3.3864534748   -1.9571122741
  -0.4283419687    4.2178378624   -1.9571122741
  -3.2038782555    4.2990273614   -1.1801372397
  -3.9066470308    3.5962585861   -1.1801372397
  -4.1638782555    2.6362585861   -1.1801372397
  -1.7300544462    4.2176456649   -2.1401372397
  -2.7577020648    4.2176456649   -2.1401372397
  -3.5890864524    3.6136095502   -2.1401372397
  -3.9066470308    2.6362585861   -2.1401372397
  -3.5890864524    1.6589076221   -2.1401372397
  -1.2838782555    2.6362585861   -2.8429060150
  -1.7638782555    3.4676429738   -2.8429060150
  -2.7238782555    3.4676429738   -2.8429060150
  -3.2038782555    2.6362585861   -2.8429060150
  -2.7238782555    1.8048741985   -2.8429060150
  -1.7638782555    1.8048741985   -2.8429060150
  -2.2438782555    2.6362585861   -3.1001372397
  -2.3236845721    2.7671316894    2.4882811434
  -1.3636845721    2.7671316894    2.2310499187
  -1.8436845721    3.5985160770    2.2310499187
  -2.8036845721    3.5985160770    2.2310499187
  -3.2836845721    2.7671316894    2.2310499187
  -2.8036845721    1.9357473017    2.2310499187
  -1.8436845721    1.9357473017    2.2310499187
  -1.8098607629    4.3485187682    1.5282811434
  -2.8375083814    4.3485187682    1.5282811434
  -3.6688927690    3.7444826534    1.5282811434
  -3.9864533474    2.7671316894    1.5282811434
  -3.6688927690    1.7897807253    1.5282811434
  -3.2836845721    4.4299004646    0.5682811434
  -3.9864533474    3.7271316894    0.5682811434
  -4.2436845721    2.7671316894    0.5682811434
  -1.9611608925   -3.8935696056    1.8349578265
  -1.0011608925   -3.8935696056    1.8349578265
  -1.9949847018   -4.6435722968    1.1321890512
  -0.9673370832   -4.6435722968    1.1321890512
  -2.4411608925   -4.7249539932    0.1721890512
  -1.4811608925   -4.9821852179    0.1721890512
  -0.5211608925   -4.7249539932    0.1721890512
  -1.9949847018   -4.6435722968   -0.7878109488
  -0.9673370832   -4.6435722968   -0.7878109488
  -1.0011608925   -3.8935696056   -1.4905797241
  -4.6045011241   -2.2577716885   -0.8442981139
  -4.3472698993   -3.2177716885   -0.8442981139
  -3.6445011241   -3.9205404638   -0.8442981139
  -4.0297093210   -1.2804207244   -1.8042981139
  -4.3472698993   -2.2577716885   -1.8042981139
  -4.0297093210   -3.2351226526   -1.8042981139
  -3.1983249333   -3.8391587673   -1.8042981139
  -2.1706773148   -3.8391587673   -1.8042981139
  -1.7245011241   -2.2577716885   -2.5070668891
  -2.2045011241   -1.4263873009   -2.5070668891
  -3.1645011241   -1.4263873009   -2.5070668891
  -3.6445011241   -2.2577716885   -2.5070668891
  -3.1645011241   -3.0891560761   -2.5070668891
  -2.2045011241   -3.0891560761   -2.5070668891
  -2.6845011241   -2.2577716885   -2.7642981139
  -2.7830154022   -2.1142358544    2.8242506085
  -1.8230154022   -2.1142358544    2.5670193837
  -2.3030154022   -1.2828514667    2.5670193837
  -3.2630154022   -1.2828514667    2.5670193837
  -3.7430154022   -2.1142358544    2.5670193837
  -3.2630154022   -2.9456202420    2.5670193837
  -2.3030154022   -2.9456202420    2.5670193837
  -4.1282235991   -1.1368848903    1.8642506085
  -4.4457841774   -2.1142358544    1.8642506085
  -4.1282235991   -3.0915868185    1.8642506085
  -3.2968392114   -3.6956229332    1.8642506085
  -4.4457841774   -1.1542358544    0.9042506085
  -4.7030154022   -2.1142358544    0.9042506085
  -4.4457841774   -3.0742358544    0.9042506085
  -3.7430154022   -3.7770046296    0.9042506085
   3.9611413821   -0.6217873280    2.6318591648
   5.3537070577    0.2730293219    2.0465727363
   5.6919628290    1.3553413482    1.1706296944
   5.9389934862    1.3062745893    0.1373844271
   5.3537070577    2.1822176311    0.1373844271
   4.4777640158    2.7675040597    0.1373844271
   5.6919628290    1.3553413482   -0.8958608403
   4.2376242347   -1.4636294493   -1.7718038822
   5.0506301584   -0.7591558063   -1.7718038822
   3.9611413821   -0.6217873280   -2.3570903107
   2.2171815001   -0.5020016302    2.8391115758
   1.7005588664    0.3928150197    2.6335863136
   2.2171815001   -0.5020016302   -2.5608884242
   2.0903465479   -1.8219955025    2.9318757419
   3.1235918153   -1.8219955025    2.7263504796
   2.6069691816   -2.7168121524    2.7263504796
   3.9995348571   -1.8219955025    2.1410640511
   3.9995348571   -1.8219955025   -1.6773125673
   2.8834520342   -3.5586542737   -1.6773125673
   3.6964579579   -2.8541806307   -1.6773125673
   3.1235918153   -1.8219955025   -2.2625989959
   2.6069691816   -2.7168121524   -2.2625989959
   2.0903465479   -1.8219955025   -2.4681242581
   0.8509918091   -2.2459342210    2.9066995713
  -0.1822534583   -2.2459342210    2.7011743091
   0.3343691754   -3.1407508709    2.7011743091
   1.3676144428   -3.1407508709    2.7011743091
  -0.3992606483   -3.6888024731    2.1158878805
   0.5792859836   -4.1356897461    2.1158878805
   1.6440972954   -3.9825929922    2.1158878805
   0.2959189607   -4.6778672691    1.2399448387
   1.4060646575   -4.6778672691    1.2399448387
   0.8509918091   -4.9459342210    0.2066995713
   1.8842370765   -4.7404089588    0.2066995713
   0.2959189607   -4.6778672691   -0.8265456961
   1.4060646575   -4.6778672691   -0.8265456961
  -0.3992606483   -3.6888024731   -1.7024887379
   0.5792859836   -4.1356897461   -1.7024887379
   1.6440972954   -3.9825929922   -1.7024887379
   0.3343691754   -3.1407508709   -2.2877751665
   1.3676144428   -3.1407508709   -2.2877751665
   0.8509918091   -2.2459342210   -2.4933004287
   0.1286377608   -1.1164514286    2.7891060767
  -0.3879848729   -0.2216347787    2.5835808145
  -0.3879848729   -2.0112680785   -2.4053686610
   0.1286377608   -1.1164514286   -2.6108939233
   0.9245930550   -0.0184607513    2.7437525639
   1.4412156887    0.8763558986    2.5382273016
  -0.1086522124   -0.0184607513   -2.4507221739
   1.4412156887   -0.9132774012   -2.4507221739
   0.9245930550   -0.0184607513   -2.6562474361
   0.4157090707    1.3150090381    2.6215568783
   1.4489543381    1.3150090381    2.4160316161
   0.9323317044    2.2098256880    2.4160316161
  -0.1009135630    2.2098256880    2.4160316161
   1.4489543381    1.3150090381   -2.5729178595
  -0.1009135630    2.2098256880   -2.5729178595
  -0.1009135630    0.4201923883   -2.5729178595
   0.4157090707    1.3150090381   -2.7784431217
   1.0766705268    2.3178508715    2.3977634653
   2.1700575494    2.3178508715    2.1482050125
   1.6233640381    3.2647518092    2.1482050125
   0.5299770156    3.2647518092    2.1482050125
   2.7341211385    3.3830297012    1.4489577660
   1.8951275562    4.1100217787    1.4489577660
   0.7962796500    4.2680122560    1.4489577660
   3.2901873641    3.3838243986    0.4385162189
   2.6084717060    4.2386687954    0.4385162189
   1.6233640381    4.7130716450    0.4385162189
   3.2901873641    3.3838243986   -0.6829892882
   2.6084717060    4.2386687954   -0.6829892882
   1.6233640381    4.7130716450   -0.6829892882
   2.7341211385    3.3830297012   -1.6934308353
   1.8951275562    4.1100217787   -1.6934308353
   0.7962796500    4.2680122560   -1.6934308353
   2.1700575494    2.3178508715   -2.3926780818
   1.6233640381    3.2647518092   -2.3926780818
   0.5299770156    3.2647518092   -2.3926780818
   1.0766705268    2.3178508715   -2.6422365347
  -0.9778568367    1.3282748220    2.5563423055
  -0.4612342030    2.2230914719    2.3508170433
  -0.4612342030    0.4334581721    2.3508170433
  -0.4612342030    0.4334581721   -2.6381324323
  -0.9778568367    1.3282748220   -2.8436576945
  -0.6266698756    2.6175405014    2.2233078635
  -1.1432925093    3.5123571513    2.2233078635
  -0.8668096567    4.3541992726    1.6380214349
  -2.2149879914    5.0494735495    0.7620783931
  -2.6931604104    5.1120152392   -0.2711668743
  -3.5691034522    4.5267288106   -0.2711668743
  -4.1543898808    3.6507857688   -0.2711668743
  -4.3599151430    2.6175405014   -0.2711668743
  -2.2149879914    5.0494735495   -1.3044121417
  -3.2151947030    4.5677993836   -1.3044121417
  -0.6266698756    2.6175405014   -2.7656416121
  -1.8150342885    0.2177625206    2.6002288767
  -0.7817890211    0.2177625206    2.3947036145
  -2.3316569222    1.1125791705    2.3947036145
  -2.8482795559    0.2177625206    2.3947036145
  -2.3316569222   -0.6770541293   -2.5942458611
  -1.8150342885    0.2177625206   -2.7997711233
  -3.0052264486    0.3433318942    2.3552876586
  -3.5519199599    1.2902328319    2.1057292057
  -4.0986134712    0.3433318942    2.1057292057
  -4.2954431094    1.8323212956    1.4064819593
  -4.8956342198    0.8984056983    1.4064819593
  -4.8956342198   -0.2117419099    1.4064819593
  -4.5370276278    2.2641498181    0.3960404122
  -5.2187432859    1.4093054213    0.3960404122
  -5.4620447873    0.3433318942    0.3960404122
  -5.2187432859   -0.7226416329    0.3960404122
  -4.5370276278    2.2641498181   -0.7254650950
  -5.2187432859    1.4093054213   -0.7254650950
  -5.4620447873    0.3433318942   -0.7254650950
  -5.2187432859   -0.7226416329   -0.7254650950
  -4.2954431094    1.8323212956   -1.7359066421
  -4.8956342198    0.8984056983   -1.7359066421
  -4.8956342198   -0.2117419099   -1.7359066421
  -3.5519199599    1.2902328319   -2.4351538885
  -4.0986134712    0.3433318942   -2.4351538885
  -3.5519199599   -0.6035690435   -2.4351538885
  -3.0052264486    0.3433318942   -2.6847123414
  -1.2353216725   -1.0200957177    2.7198980816
  -0.7186990388   -0.1252790678    2.5143728194
  -0.7186990388   -1.9149123676   -2.4745766561
  -1.2353216725   -1.0200957177   -2.6801019184
  -1.0717449318   -2.1898477023    2.5603278055
  -1.5883675655   -3.0846643522    2.5603278055
  -2.3766960247   -4.0796032273    1.9750413769
  -3.6602697592   -4.1401065845    1.0990983351
  -2.6600630476   -4.6217807504    1.0990983351
  -4.8049901992   -2.1898477023    0.0658530677
  -4.5994649370   -3.2230929696    0.0658530677
  -4.0141785084   -4.0990360115    0.0658530677
  -3.1382354666   -4.6843224400    0.0658530677
  -2.6600630476   -4.6217807504   -0.9673921996
  -1.3118847129   -3.9265064735   -1.8433352415
  -1.0717449318   -2.1898477023   -2.4286216700
   3.4495684793    0.9636837776    3.1280248281
   4.5295684793    0.9636837776    2.8386397003
   3.9895684793    1.8989912136    2.8386397003
   2.9095684793    1.8989912136    2.8386397003
   2.3695684793    0.9636837776    2.8386397003
   2.9095684793    0.0283763415    2.8386397003
   3.9895684793    0.0283763415    2.8386397003
   5.3201833514    0.9636837776    2.0480248281
   5.0232298490    1.9750145312    2.0480248281
   4.2266499807    2.6652549163    2.0480248281
   3.1833522263    2.8152584875    2.0480248281
   4.6765883322    2.7413289279    0.9680248281
   3.7099277086    3.1079349456    0.9680248281
   5.3586779443   -0.4090530878    2.0964111506
   4.8186779443   -1.3443605238    2.0964111506
   6.1492928165   -0.4090530878    1.3057962784
   5.0557594458   -2.1106242265    1.3057962784
   5.8523393141   -1.4203838414    1.3057962784
   6.4386779443   -0.4090530878    0.2257962784
   6.1912629597    0.5947489639    0.2257962784
   5.5056977973   -2.1866982381    0.2257962784
   6.1912629597   -1.4128551394    0.2257962784
   6.1492928165   -0.4090530878   -0.8542037216
   5.0557594458   -2.1106242265   -0.8542037216
   5.8523393141   -1.4203838414   -0.8542037216
   5.3586779443   -0.4090530878   -1.6448185937
   4.8186779443   -1.3443605238   -1.6448185937
   4.7559870292    2.6115941758   -0.7819684214
   3.7893264056    2.9782001936   -0.7819684214
   5.3995820484    0.8339490255   -1.8619684214
   5.1026285461    1.8452797791   -1.8619684214
   4.3060486777    2.5355201642   -1.8619684214
   3.2627509233    2.6855237355   -1.8619684214
   4.6089671763    0.8339490255   -2.6525832935
   4.0689671763    1.7692564616   -2.6525832935
   2.9889671763    1.7692564616   -2.6525832935
   2.4489671763    0.8339490255   -2.6525832935
   2.9889671763   -0.1013584106   -2.6525832935
   4.0689671763   -0.1013584106   -2.6525832935
   3.5289671763    0.8339490255   -2.9419684214
   4.0216301851   -2.4667309597    2.1896054997
   3.4816301851   -3.4020383957    2.1896054997
   4.8122450573   -2.4667309597    1.3989906275
   2.6754139321   -4.3183056696    1.3989906275
   3.7187116866   -4.1683020984    1.3989906275
   4.5152915549   -3.4780617133    1.3989906275
   5.1016301851   -2.4667309597    0.3189906275
   3.2019894145   -4.6109821277    0.3189906275
   4.1686500381   -4.2443761100    0.3189906275
   4.8542152005   -3.4705330113    0.3189906275
   4.8122450573   -2.4667309597   -0.7610093725
   2.6754139321   -4.3183056696   -0.7610093725
   3.7187116866   -4.1683020984   -0.7610093725
   4.5152915549   -3.4780617133   -0.7610093725
   4.0216301851   -2.4667309597   -1.5516242447
   3.4816301851   -3.4020383957   -1.5516242447
  -0.3683419687    4.3217609109    1.5762713734
  -0.1312604673    5.0880246135    0.7856565012
  -1.1745582218    5.2380281848    0.7856565012
   0.3186778842    5.1640986251   -0.2943434988
  -0.6479827394    5.5307046428   -0.2943434988
  -1.6742885248    5.4060885590   -0.2943434988
  -0.1312604673    5.0880246135   -1.3743434988
  -1.1745582218    5.2380281848   -1.3743434988
  -0.3683419687    4.3217609109   -2.1649583710
  -3.8606614715    4.0686035279   -1.1801372397
  -4.3411125811    3.1531804210   -1.1801372397
  -2.5100945085    4.4878332961   -2.2601372397
  -3.4688704836    4.0499749796   -2.2601372397
  -4.0387200817    3.1632716969   -2.2601372397
  -4.0387200817    2.1092454753   -2.2601372397
  -1.1638782555    2.6362585861   -3.0507521119
  -1.7038782555    3.5715660222   -3.0507521119
  -2.7838782555    3.5715660222   -3.0507521119
  -3.3238782555    2.6362585861   -3.0507521119
  -2.7838782555    1.7009511501   -3.0507521119
  -1.7038782555    1.7009511501   -3.0507521119
  -2.2438782555    2.6362585861   -3.3401372397
  -2.3236845721    2.7671316894    2.7282811434
  -1.2436845721    2.7671316894    2.4388960156
  -1.7836845721    3.7024391255    2.4388960156
  -2.8636845721    3.7024391255    2.4388960156
  -3.4036845721    2.7671316894    2.4388960156
  -2.8636845721    1.8318242533    2.4388960156
  -1.7836845721    1.8318242533    2.4388960156
  -2.5899008251    4.6187063994    1.6482811434
  -3.5486768003    4.1808480828    1.6482811434
  -4.1185263983    3.2941448002    1.6482811434
  -4.1185263983    2.2401185786    1.6482811434
  -3.0896311281    4.7867667736    0.5682811434
  -3.9404677882    4.1994766312    0.5682811434
  -4.4209188978    3.2840535242    0.5682811434
  -0.9411608925   -3.9974926540    2.0428039234
  -1.7473771455   -4.9137599279    1.2521890512
  -0.7040793910   -4.7637563567    1.2521890512
  -2.2471074485   -5.0818203021    0.1721890512
  -1.2208016631   -5.2064363860    0.1721890512
  -0.2541410396   -4.8398303683    0.1721890512
  -1.7473771455   -4.9137599279   -0.9078109488
  -0.7040793910   -4.7637563567   -0.9078109488
  -0.9411608925   -3.9974926540   -1.6984258210
  -4.7817354497   -1.7408498536   -0.8442981139
  -4.7817354497   -2.7746935234   -0.8442981139
  -4.3012843401   -3.6901166303   -0.8442981139
  -4.4793429503   -1.7307585777   -1.9242981139
  -4.4793429503   -2.7847847993   -1.9242981139
  -3.9094933522   -3.6714880819   -1.9242981139
  -2.9507173771   -4.1093463985   -1.9242981139
  -1.6045011241   -2.2577716885   -2.7149129860
  -2.1445011241   -1.3224642524   -2.7149129860
  -3.2245011241   -1.3224642524   -2.7149129860
  -3.7645011241   -2.2577716885   -2.7149129860
  -3.2245011241   -3.1930791246   -2.7149129860
  -2.1445011241   -3.1930791246   -2.7149129860
  -2.6845011241   -2.2577716885   -3.0042981139
  -2.7830154022   -2.1142358544    3.0642506085
  -1.7030154022   -2.1142358544    2.7748654806
  -2.2430154022   -1.1789284183    2.7748654806
  -3.3230154022   -1.1789284183    2.7748654806
  -3.8630154022   -2.1142358544    2.7748654806
  -3.3230154022   -3.0495432905    2.7748654806
  -2.2430154022   -3.0495432905    2.7748654806
  -4.0080076303   -0.7005194610    1.9842506085
  -4.5778572283   -1.5872227436    1.9842506085
  -4.5778572283   -2.6412489652    1.9842506085
  -4.0080076303   -3.5279522478    1.9842506085
  -3.0492316552   -3.9658105644    1.9842506085
  -4.8802497278   -1.5973140195    0.9042506085
  -4.8802497278   -2.6311576892    0.9042506085
  -4.3997986182   -3.5465807962    0.9042506085
   3.9575489634   -0.6155650763    2.9564622894
   5.3728815775    0.2730293219    2.4355177564
   4.2455896182   -1.4810712061    2.4355177564
   5.8179794699    1.3297621185    1.6373844271
   6.1994363914    1.3402901026    0.6583289601
   5.6278638821    2.2634114010    0.6583289601
   6.1994363914    1.3402901026   -0.3835601059
   5.6278638821    2.2634114010   -0.3835601059
   4.7614185142    2.9177205705   -0.3835601059
   3.7171185357    3.2148495321   -0.3835601059
   6.0425949598    0.2730293219   -1.3626155729
   5.8179794699    1.3297621185   -1.3626155729
   4.2455896182   -1.4810712061   -2.1607489023
   5.0667607910   -0.7695223344   -2.1607489023
   3.9575489634   -0.6155650763   -2.6816934353
   2.2171815001   -0.5020016302    3.1391115758
   1.7041512851    0.3865927680    2.9581894382
   2.7302117151   -1.3905960284   -2.6799662866
   2.2171815001   -0.5020016302   -2.8608884242
   2.0903465479   -1.8219955025    3.2318757419
   3.1164069779   -1.8219955025    3.0509536042
   1.5773163330   -0.9334011044    3.0509536042
   2.6033767629   -2.7105899007    3.0509536042
   4.0187093770   -1.8219955025    2.5300090712
   2.8914174176   -3.5760960305    2.5300090712
   2.8931962499   -4.2929128132   -1.2681242581
   4.0187093770   -1.8219955025   -2.0662575875
   2.8914174176   -3.5760960305   -2.0662575875
   3.7125885905   -2.8645471588   -2.0662575875
   3.1164069779   -1.8219955025   -2.5872021205
   2.6033767629   -2.7105899007   -2.5872021205
   2.0903465479   -1.8219955025   -2.7681242581
   0.8509918091   -2.2459342210    3.2066995713
  -0.1750686209   -2.2459342210    3.0257774337
   0.3379615941   -3.1345286192    3.0257774337
   1.3640220241   -3.1345286192    3.0257774337
  -0.4118172885   -3.7032936083    2.5048329007
   0.5765571649   -4.1546690969    2.5048329007
   1.6520626788   -4.0000347490    2.5048329007
   0.5794188953   -4.8297778990    1.7066995713
   1.6538415111   -4.7168515317    1.7066995713
   0.0424755061   -5.0875742723    0.7276441043
   1.1235915964   -5.1877544313    0.7276441043
   2.1678915748   -4.8906254696    0.7276441043
   0.0424755061   -5.0875742723   -0.3142449617
   1.1235915964   -5.1877544313   -0.3142449617
   2.1678915748   -4.8906254696   -0.3142449617
   0.5794188953   -4.8297778990   -1.2933004287
   1.6538415111   -4.7168515317   -1.2933004287
  -0.4118172885   -3.7032936083   -2.0914337580
   0.5765571649   -4.1546690969   -2.0914337580
   1.6520626788   -4.0000347490   -2.0914337580
   0.3379615941   -3.1345286192   -2.6123782911
   1.3640220241   -3.1345286192   -2.6123782911
   0.8509918091   -2.2459342210   -2.7933004287
   0.1286377608   -1.1164514286    3.0891060767
  -0.3843924542   -0.2278570304    2.9081839391
  -0.3843924542   -2.0050458268   -2.7299717856
   0.1286377608   -1.1164514286   -2.9108939233
   0.9245930550   -0.0184607513    3.0437525639
   1.4376232700    0.8701336468    2.8628304262
  -0.1014673750   -0.0184607513   -2.7753252985
   1.4376232700   -0.9070551495   -2.7753252985
   0.9245930550   -0.0184607513   -2.9562474361
   0.4157090707    1.3150090381    2.9215568783
   1.4417695007    1.3150090381    2.7406347407
   0.9287392857    2.2036034363    2.7406347407
  -0.0973211443    2.2036034363    2.7406347407
   1.4417695007    1.3150090381   -2.8975209840
  -0.0973211443    2.2036034363   -2.8975209840
  -0.0973211443    0.4264146400   -2.8975209840
   0.4157090707    1.3150090381   -3.0784431217
   1.0766705268    2.3178508715    2.6777634653
   2.1481841375    2.3178508715    2.4646261564
   1.6124273322    3.2458088788    2.4646261564
   0.5409137215    3.2458088788    2.4646261564
   2.7913133468    3.3078003651    1.8576624527
   2.0666200205    4.0324936914    1.8576624527
   1.0766705268    4.2977498588    1.8576624527
   0.0867210332    4.0324936914    1.8576624527
   3.4398871878    3.3700227185    0.9492770760
   2.8076195279    4.2402644945    0.9492770760
   1.8760550605    4.7781034905    0.9492770760
   0.8062697451    4.8905424580    0.9492770760
   3.6875927692    3.3293275368   -0.1222365347
   3.1458954951    4.2041986737   -0.1222365347
   2.3247379230    4.8243080873   -0.1222365347
   1.3350219333    5.1059065651   -0.1222365347
   3.4398871878    3.3700227185   -1.1937501453
   2.8076195279    4.2402644945   -1.1937501453
   1.8760550605    4.7781034905   -1.1937501453
   0.8062697451    4.8905424580   -1.1937501453
   2.7913133468    3.3078003651   -2.1021355220
   2.0666200205    4.0324936914   -2.1021355220
   1.0766705268    4.2977498588   -2.1021355220
   2.1481841375    2.3178508715   -2.7090992257
   1.6124273322    3.2458088788   -2.7090992257
   0.5409137215    3.2458088788   -2.7090992257
   1.0766705268    2.3178508715   -2.9222365347
  -0.9778568367    1.3282748220    2.8563423055
  -0.4648266217    2.2168692201    2.6754201679
  -0.4648266217    0.4396804238    2.6754201679
  -0.4648266217    0.4396804238   -2.9627355568
  -0.9778568367    1.3282748220   -3.1436576945
  -0.6338547130    2.6175405014    2.5479109881
  -1.1468849280    3.5061348996    2.5479109881
  -0.8588442733    4.3716410294    2.0269664551
  -1.9314880568    5.2013841794    1.2288331257
  -2.4684314460    5.4591805527    0.2497776587
  -3.4403529294    4.9752211588    0.2497776587
  -2.4684314460    5.4591805527   -0.7921114073
  -3.4403529294    4.9752211588   -0.7921114073
  -4.1718164240    4.1728439277   -0.7921114073
  -4.5640337317    3.1604143507   -0.7921114073
  -1.9314880568    5.2013841794   -1.7711668743
  -2.9589532487    4.8675405014   -1.7711668743
  -0.0376731005    3.6600921577   -2.5693002036
  -0.8588442733    4.3716410294   -2.5693002036
  -0.6338547130    2.6175405014   -3.0902447366
  -1.8150342885    0.2177625206    2.9002288767
  -0.7889738585    0.2177625206    2.7193067391
  -2.3280645035    1.1063569187    2.7193067391
  -2.8410947185    0.2177625206    2.7193067391
  -2.3280645035   -0.6708318776   -2.9188489857
  -1.8150342885    0.2177625206   -3.0997711233
  -3.5409832539    1.2712899015    2.4221503496
  -4.0767400592    0.3433318942    2.4221503496
  -4.7198692685    1.3332813878    1.8151866459
  -4.9851254359    0.3433318942    1.8151866459
  -4.7198692685   -0.6466175995    1.8151866459
  -5.0980423278    1.8638516337    0.9068012692
  -5.5355599833    0.8811708902    0.9068012692
  -5.5355599833   -0.1945071018    0.9068012692
  -5.0980423278   -1.1771878453    0.9068012692
  -4.6926034305    2.5777801306   -0.1647123414
  -5.3858344286    1.8173419502   -0.1647123414
  -5.7575511277    0.8578305441   -0.1647123414
  -5.7575511277   -0.1711667557   -0.1647123414
  -5.3858344286   -1.1306781619   -0.1647123414
  -5.0980423278    1.8638516337   -1.2362259520
  -5.5355599833    0.8811708902   -1.2362259520
  -5.5355599833   -0.1945071018   -1.2362259520
  -5.0980423278   -1.1771878453   -1.2362259520
  -4.7198692685    1.3332813878   -2.1446113287
  -4.9851254359    0.3433318942   -2.1446113287
  -4.7198692685   -0.6466175995   -2.1446113287
  -3.5409832539    1.2712899015   -2.7515750324
  -4.0767400592    0.3433318942   -2.7515750324
  -3.5409832539   -0.5846261131   -2.7515750324
  -3.0052264486    0.3433318942   -2.9647123414
  -1.2353216725   -1.0200957177    3.0198980816
  -0.7222914575   -0.1315013195    2.8389759440
  -0.7222914575   -1.9086901159   -2.7991797807
  -1.2353216725   -1.0200957177   -2.9801019184
  -1.0789297692   -2.1898477023    2.8849309301
  -1.5919599842   -3.0784421004    2.8849309301
  -2.3794248434   -4.0985825782    2.3639863971
  -3.4040283049   -4.4398477023    1.5658530677
  -4.6168914803   -3.7451511286    0.5867976007
  -3.8854279856   -4.5475283597    0.5867976007
  -2.9135065022   -5.0314877536    0.5867976007
  -5.0091087879   -1.6469738530   -0.4550914653
  -5.0091087879   -2.7327215515   -0.4550914653
  -4.6168914803   -3.7451511286   -0.4550914653
  -3.8854279856   -4.5475283597   -0.4550914653
  -2.9135065022   -5.0314877536   -0.4550914653
  -2.3765631130   -4.7736913803   -1.4341469323
  -1.3039193295   -3.9439482302   -2.2322802616
  -1.0789297692   -2.1898477023   -2.7532247946
   3.4495684793    0.9636837776    3.3680248281
   4.4908894531    0.9636837776    3.1303501110
   3.9702289662    1.8654941944    3.1303501110
   2.9289079923    1.8654941944    3.1303501110
   2.4082475054    0.9636837776    3.1303501110
   2.9289079923    0.0618733607    3.1303501110
   3.9702289662    0.0618733607    3.1303501110
   5.3259640372    0.9636837776    2.4644003525
   5.0280928713    1.9781398059    2.4644003525
   4.2290513643    2.6705132130    2.4644003525
   3.1825295489    2.8209803342    2.4644003525
   2.2207907070    2.3817689218    2.4644003525
   5.5576797528    1.9788966605    1.5020750696
   4.9084267452    2.7930341813    1.5020750696
   3.9702289662    3.2448464190    1.5020750696
   3.9702289662    3.2448464190    0.4339745866
   5.3199989182   -0.4090530878    2.3881215614
   4.7993384313   -1.3108635046    2.3881215614
   6.1550735022   -0.4090530878    1.7221718029
   5.0581608294   -2.1158825232    1.7221718029
   5.8572023364   -1.4235091161    1.7221718029
   6.6185049335   -0.4090530878    0.7598465199
   6.3867892179    0.6061597952    0.7598465199
   5.7375362102   -2.2384034915    0.7598465199
   6.3867892179   -1.4242659707    0.7598465199
   6.6185049335   -0.4090530878   -0.3082539631
   5.7375362102   -2.2384034915   -0.3082539631
   6.3867892179   -1.4242659707   -0.3082539631
   6.1550735022   -0.4090530878   -1.2705792460
   5.0581608294   -2.1158825232   -1.2705792460
   5.8572023364   -1.4235091161   -1.2705792460
   5.6370784498    1.8491619085   -1.3160186629
   4.9878254422    2.6632994292   -1.3160186629
   4.0496276632    3.1151116670   -1.3160186629
   5.4053627342    0.8339490255   -2.2783439458
   5.1074915684    1.8484050538   -2.2783439458
   4.3084500614    2.5407784609   -2.2783439458
   3.2619282459    2.6912455822   -2.2783439458
   4.5702881501    0.8339490255   -2.9442937043
   4.0496276632    1.7357594424   -2.9442937043
   3.0083066893    1.7357594424   -2.9442937043
   2.4876462024    0.8339490255   -2.9442937043
   3.0083066893   -0.0678613914   -2.9442937043
   4.0496276632   -0.0678613914   -2.9442937043
   3.5289671763    0.8339490255   -3.1819684214
   3.9829511590   -2.4667309597    2.4813159105
   3.4622906721   -3.3685413765    2.4813159105
   4.8180257430   -2.4667309597    1.8153661520
   2.6745912547   -4.3240275163    1.8153661520
   3.7211130702   -4.1735603951    1.8153661520
   4.5201545772   -3.4811869880    1.8153661520
   2.4209696982   -4.7478936011    0.8530408690
   3.4622906721   -4.7478936011    0.8530408690
   4.4004884510   -4.2960813634    0.8530408690
   5.0497414587   -3.4819438426    0.8530408690
   3.4622906721   -4.7478936011   -0.2150596140
   4.4004884510   -4.2960813634   -0.2150596140
   5.0497414587   -3.4819438426   -0.2150596140
   4.8180257430   -2.4667309597   -1.1773848969
   3.7211130702   -4.1735603951   -1.1773848969
   4.5201545772   -3.4811869880   -1.1773848969
  -0.1288590837    5.0932829102    1.2020320257
  -1.1753808991    5.2437500315    1.2020320257
   0.5505162972    5.2158038785    0.2397067427
  -0.3876814818    5.6676161163    0.2397067427
  -1.4290024557    5.6676161163    0.2397067427
   0.5505162972    5.2158038785   -0.8283937403
  -0.3876814818    5.6676161163   -0.8283937403
  -1.4290024557    5.6676161163   -0.8283937403
  -0.1288590837    5.0932829102   -1.7907190232
  -1.1753808991    5.2437500315   -1.7907190232
  -0.3876814818    4.2882638917   -2.4566687818
  -3.7027365214    4.4656089899   -1.7141874812
  -4.3519895291    3.6514714691   -1.7141874812
  -4.5837052447    2.6362585861   -1.7141874812
  -2.5109171859    4.4935551428   -2.6765127642
  -3.4726560277    4.0543437304   -2.6765127642
  -4.0442666090    3.1649003043   -2.6765127642
  -4.0442666090    2.1076168680   -2.6765127642
  -1.2025572816    2.6362585861   -3.3424625227
  -1.7232177686    3.5380690030   -3.3424625227
  -2.7645387424    3.5380690030   -3.3424625227
  -3.2851992294    2.6362585861   -3.3424625227
  -2.7645387424    1.7344481693   -3.3424625227
  -1.7232177686    1.7344481693   -3.3424625227
  -2.2438782555    2.6362585861   -3.5801372397
  -2.3236845721    2.7671316894    2.9682811434
  -1.2823635982    2.7671316894    2.7306064264
  -1.8030240852    3.6689421062    2.7306064264
  -2.8443450591    3.6689421062    2.7306064264
  -3.3650055460    2.7671316894    2.7306064264
  -2.8443450591    1.8653212725    2.7306064264
  -1.8030240852    1.8653212725    2.7306064264
  -2.5907235025    4.6244282461    2.0646566679
  -3.5524623444    4.1852168336    2.0646566679
  -4.1240729257    3.2957734076    2.0646566679
  -4.1240729257    2.2384899712    2.0646566679
  -2.8443450591    5.0482943309    1.1023313849
  -3.7825428380    4.5964820931    1.1023313849
  -4.4317958457    3.7823445724    1.1023313849
  -4.6635115614    2.7671316894    1.1023313849
  -4.4317958457    3.7823445724    0.0342309019
  -4.6635115614    2.7671316894    0.0342309019
  -0.9605004056   -3.9639956348    2.3345143342
  -1.7481998229   -4.9194817746    1.6685645757
  -0.7016780074   -4.7690146534    1.6685645757
  -2.0018213794   -5.3433478594    0.7062392927
  -0.9605004056   -5.3433478594    0.7062392927
  -2.0018213794   -5.3433478594   -0.3618611903
  -0.9605004056   -5.3433478594   -0.3618611903
  -1.7481998229   -4.9194817746   -1.3241864733
  -0.7016780074   -4.7690146534   -1.3241864733
  -5.0243281133   -2.2577716885   -1.3783483553
  -4.7926123976   -3.2729845715   -1.3783483553
  -4.1433593900   -4.0871220922   -1.3783483553
  -4.4848894776   -1.7291299703   -2.3406736383
  -4.4848894776   -2.7864134067   -2.3406736383
  -3.9132788963   -3.6758568327   -2.3406736383
  -2.9515400544   -4.1150682452   -2.3406736383
  -1.6431801502   -2.2577716885   -3.0066233968
  -2.1638406371   -1.3559612716   -3.0066233968
  -3.2051616110   -1.3559612716   -3.0066233968
  -3.7258220979   -2.2577716885   -3.0066233968
  -3.2051616110   -3.1595821054   -3.0066233968
  -2.1638406371   -3.1595821054   -3.0066233968
  -2.6845011241   -2.2577716885   -3.2442981139
  -2.7830154022   -2.1142358544    3.3042506085
  -1.7416944283   -2.1142358544    3.0665758914
  -2.2623549152   -1.2124254375    3.0665758914
  -3.3036758891   -1.2124254375    3.0665758914
  -3.8243363760   -2.1142358544    3.0665758914
  -3.3036758891   -3.0160462713    3.0665758914
  -2.2623549152   -3.0160462713    3.0665758914
  -4.0117931744   -0.6961507102    2.4006261329
  -4.5834037557   -1.5855941362    2.4006261329
  -4.5834037557   -2.6428775726    2.4006261329
  -4.0117931744   -3.5323209986    2.4006261329
  -3.0500543325   -3.9715324111    2.4006261329
  -4.8911266757   -1.0990229714    1.4383008500
  -5.1228423914   -2.1142358544    1.4383008500
  -4.8911266757   -3.1294487374    1.4383008500
  -4.2418736681   -3.9435862581    1.4383008500
  -5.1228423914   -2.1142358544    0.3702003670
