   0.0305457839
   0.0278720467
   0.0202784325
   0.0274973752
   0.0110983334
   0.0079470630
   0.0092422459
   0.0110942679
   0.0283386910
   0.0190834462
   0.0251638336
   0.0154975497
   0.0098483151
  -0.0125981885
  -0.0100138893
  -0.0256330548
  -0.0156901510
  -0.0342193881
  -0.0156546941
  -0.0344309521
  -0.0311393310
   0.0005261993
  -0.0335372385
  -0.0174728441
  -0.0225122441
  -0.0161306064
  -0.0093511916
   0.0019859325
   0.0102432576
  -0.0028888886
   0.0057939309
   0.0186519758
   0.0019961583
   0.0041718021
   0.0013742117
   0.0071111367
   0.0092700981
   0.0155390577
   0.0059317423
   0.0023062940
   0.0074522912
   0.0032054547
  -0.0015257216
  -0.0026644547
  -0.0033474100
   0.0147418755
   0.0054392285
  -0.0207669883
  -0.0246792333
  -0.0379932421
  -0.0317459228
  -0.0416161263
  -0.0458032172
  -0.0387792727
  -0.0249542855
  -0.0424712763
  -0.0475859822
  -0.0454078118
  -0.0258583900
  -0.0429788503
  -0.0464311483
  -0.0369095860
  -0.0296736867
  -0.0401663692
  -0.0330296040
  -0.0249211503
   0.0035049495
   0.0003697953
   0.0035131762
   0.0189956779
  -0.0003953915
   0.0133893170
   0.0012841185
  -0.0016469956
  -0.0024965346
   0.0032671574
   0.0055493343
   0.0029337929
   0.0042857851
  -0.0026158880
  -0.0014686587
   0.0092142019
   0.0193063815
  -0.0022824612
   0.0166688223
  -0.0060992142
  -0.0015350274
   0.0060131033
  -0.0225998554
  -0.0358878164
  -0.0433355535
  -0.0287944369
  -0.0504992469
  -0.0524498892
  -0.0461993777
  -0.0467220288
  -0.0545261056
  -0.0552054238
  -0.0521218063
  -0.0518348821
  -0.0536640132
  -0.0489683388
  -0.0386875714
  -0.0464535309
  -0.0358199937
  -0.0288374097
   0.0021507926
   0.0135545419
   0.0027741009
   0.0035642980
   0.0044490132
   0.0035716600
   0.0099730388
   0.0121253124
   0.0091839791
   0.0051267483
   0.0199823670
   0.0230945585
   0.0170338657
   0.0118897861
   0.0181846848
   0.0245773418
   0.0267077580
   0.0198763234
   0.0082730925
  -0.0102328107
  -0.0001622007
   0.0210615498
   0.0009059393
   0.0304114425
   0.0371486246
   0.0317082598
   0.0302909850
   0.0499165395
   0.0369013337
   0.0313202947
   0.0305620070
   0.0478854778
   0.0361907275
   0.0295164765
   0.0350491571
   0.0024591916
   0.0255731001
   0.0191575664
   0.0055403544
  -0.0204930773
   0.0221658676
   0.0147372110
   0.0078514396
   0.0169262086
   0.0228945821
   0.0184845344
   0.0372693567
   0.0277224592
   0.0448679428
   0.0066423309
   0.0270626694
   0.0371414539
   0.0449208266
   0.0264303013
   0.0367310750
   0.0370430835
   0.0264485282
  -0.0060781042
  -0.0230962782
  -0.0015296222
   0.0040513591
  -0.0200865391
  -0.0006200450
   0.0046613141
  -0.0210917522
  -0.0036439403
  -0.0082022243
   0.0033102993
   0.0031418078
  -0.0035225628
  -0.0205530991
   0.0007366277
   0.0023457136
   0.0024358158
  -0.0044190484
   0.0011483970
   0.0026056774
   0.0023675459
   0.0007609816
   0.0020699514
   0.0024662934
  -0.0051529204
   0.0017505122
   0.0024723650
   0.0032882685
  -0.0028003240
  -0.0207719442
   0.0039335601
  -0.0068290127
  -0.0369476827
   0.0032197714
   0.0081368785
   0.0015261981
   0.0099575397
   0.0040517870
  -0.0218385628
   0.0099397803
   0.0035621528
  -0.0220603512
   0.0008134426
  -0.0195296345
   0.0027022158
  -0.0122113273
   0.0032022612
   0.0085194799
   0.0075952344
   0.0056827410
   0.0027140741
  -0.0020697230
   0.0068127447
   0.0070899130
   0.0060705609
   0.0061827174
   0.0053669305
   0.0033079092
   0.0006840538
   0.0072912331
   0.0065473611
  -0.0284950719
  -0.0088873938
   0.0039200178
   0.0087802164
  -0.0225883130
   0.0003838125
   0.0250020885
   0.0231838469
   0.0227884353
   0.0245402209
   0.0226296697
   0.0106320955
   0.0068377423
   0.0088750472
   0.0087803780
   0.0216688378
   0.0139007552
   0.0341778653
   0.0192683397
   0.0113839122
   0.0076844530
  -0.0075337676
  -0.0074607174
  -0.0161446099
  -0.0094151752
  -0.0154181869
  -0.0218423462
  -0.0096838765
  -0.0244175254
  -0.0170654066
  -0.0242825455
  -0.0174751272
  -0.0141896846
  -0.0212903932
  -0.0111024694
  -0.0139268084
  -0.0095739552
  -0.0054743697
   0.0007242370
   0.0058693549
  -0.0037882483
   0.0106987483
   0.0002085553
   0.0026673302
   0.0023655851
   0.0049058249
   0.0091006286
   0.0041720408
   0.0027750198
   0.0035378987
   0.0019683046
  -0.0028705496
  -0.0025759962
  -0.0048309850
   0.0084460548
   0.0017027275
  -0.0142687018
  -0.0151432627
  -0.0266556969
  -0.0225319650
  -0.0291255884
  -0.0339488382
  -0.0286604672
  -0.0291889857
  -0.0360429911
  -0.0358478964
  -0.0300088203
  -0.0364199910
  -0.0358166075
  -0.0311708900
  -0.0347674820
  -0.0274810812
  -0.0201124173
  -0.0289356890
  -0.0238416680
  -0.0177851147
   0.0028982509
  -0.0013904739
   0.0006094481
   0.0106517333
   0.0079376032
   0.0010533621
  -0.0032773103
  -0.0032620745
   0.0022444184
   0.0026511928
   0.0016259607
   0.0012638946
  -0.0036370879
   0.0042685656
   0.0107827292
  -0.0033103221
   0.0094774878
  -0.0031499208
   0.0015833032
  -0.0163729122
  -0.0256470753
  -0.0314893624
  -0.0197881079
  -0.0377324573
  -0.0399210052
  -0.0328164528
  -0.0405320284
  -0.0438540123
  -0.0426252026
  -0.0351670791
  -0.0411049424
  -0.0443012374
  -0.0432607855
  -0.0367539222
  -0.0391261979
  -0.0415571343
  -0.0364217926
  -0.0279343763
  -0.0345894043
  -0.0259801662
  -0.0212809386
   0.0020680458
   0.0077300096
  -0.0002696728
   0.0017791777
   0.0036162762
   0.0007005773
   0.0016806060
   0.0076507660
   0.0074788461
   0.0079439327
   0.0027390997
   0.0161654354
   0.0191238518
   0.0146641322
   0.0096879371
   0.0119655496
   0.0171902735
   0.0207329801
   0.0219240110
   0.0168704634
   0.0091579293
  -0.0021232753
  -0.0056830675
   0.0189685843
   0.0093801886
  -0.0071433249
   0.0262825005
   0.0303122027
   0.0270051837
   0.0256342351
   0.0387639209
   0.0308130317
   0.0271944358
   0.0257846076
   0.0370193554
   0.0305022551
   0.0265158951
   0.0367320369
   0.0299086928
   0.0256053307
   0.0286913031
   0.0189058749
   0.0091430314
  -0.0096393007
   0.0208098187
   0.0158765331
   0.0067759936
  -0.0088575886
   0.0179136423
   0.0127247373
   0.0060969708
   0.0097481634
   0.0156405949
   0.0191165953
   0.0144930461
   0.0302075568
   0.0237558714
   0.0370448593
   0.0098784078
   0.0232408000
   0.0307591041
   0.0402171593
   0.0171105849
   0.0268144500
   0.0331340785
   0.0371703024
   0.0083131506
   0.0224670242
   0.0302991394
   0.0300439539
   0.0227756679
  -0.0098099406
  -0.0265019986
  -0.0066792422
  -0.0001381852
  -0.0103340639
  -0.0011021174
   0.0025383970
  -0.0216884204
  -0.0051443505
   0.0006914139
  -0.0169214319
  -0.0071344222
   0.0012279221
  -0.0049255603
  -0.0184019658
   0.0001716246
   0.0013625109
  -0.0013879390
  -0.0093011884
  -0.0215211978
  -0.0005766862
   0.0000851256
   0.0008743845
  -0.0025862706
  -0.0046166445
  -0.0000384861
   0.0002478570
   0.0001319052
  -0.0006084523
  -0.0001971370
   0.0008139712
  -0.0028019425
  -0.0049301514
   0.0004659822
  -0.0004166917
   0.0012943506
  -0.0010868065
  -0.0091984677
  -0.0235102611
   0.0010251254
  -0.0042019063
  -0.0168460726
   0.0041380297
  -0.0025681353
   0.0056080829
  -0.0011901555
   0.0076101676
   0.0036816773
  -0.0076249408
   0.0054409652
  -0.0016324034
  -0.0025372951
  -0.0078204409
   0.0023892810
   0.0068387652
  -0.0179631564
  -0.0037515600
   0.0036616105
   0.0059053471
   0.0043997823
   0.0036566312
   0.0019513950
  -0.0037713695
   0.0006441745
   0.0048174898
   0.0043986795
   0.0033004044
   0.0036284811
   0.0032687951
   0.0022657725
  -0.0013670800
   0.0020759761
   0.0050017673
   0.0040681359
  -0.0127368262
  -0.0019081149
   0.0041610030
   0.0062577783
  -0.0278987789
  -0.0075974848
   0.0020038853
   0.0071127374
   0.0210678070
   0.0218824402
   0.0196133170
   0.0199515032
   0.0148841977
   0.0055933948
   0.0190200218
   0.0253443484
   0.0233002929
   0.0190205683
   0.0098422967
   0.0063951791
   0.0082221352
   0.0075868203
   0.0174004482
   0.0110527209
   0.0285144968
   0.0263162543
   0.0118682985
   0.0219906912
   0.0155590940
   0.0091847670
   0.0066381231
  -0.0041890099
  -0.0051265034
  -0.0101716180
  -0.0052280774
  -0.0106695714
  -0.0140243336
  -0.0056058934
  -0.0162249999
  -0.0107711333
  -0.0160303435
  -0.0050641375
  -0.0161003792
  -0.0113108925
  -0.0094496506
  -0.0135927394
  -0.0066570812
  -0.0085983898
  -0.0053178848
  -0.0028878248
   0.0005543749
   0.0038321566
  -0.0000297647
   0.0021327908
   0.0029633295
   0.0041955622
   0.0059043257
   0.0039566748
   0.0029389801
   0.0018408982
   0.0018027337
  -0.0080697511
  -0.0029789813
  -0.0019841524
  -0.0047461403
   0.0051854194
   0.0001163566
  -0.0099245883
  -0.0086188517
  -0.0198643948
  -0.0169571231
  -0.0201354349
  -0.0262184545
  -0.0240542465
  -0.0197968134
  -0.0276089030
  -0.0287527381
  -0.0207524642
  -0.0280477625
  -0.0288334517
  -0.0224893229
  -0.0271763873
  -0.0236727661
  -0.0135863606
  -0.0220085633
  -0.0179916977
  -0.0129591192
   0.0019552248
  -0.0018682566
   0.0065048237
   0.0048469997
   0.0004263821
  -0.0034551790
  -0.0057292545
   0.0002250562
   0.0008011244
  -0.0010435752
  -0.0074683736
  -0.0237577986
   0.0006046290
   0.0001366918
  -0.0036684576
   0.0017661062
   0.0064445315
  -0.0035058023
  -0.0093615058
  -0.0035657624
  -0.0005044924
  -0.0122751315
  -0.0195570386
  -0.0245965996
  -0.0266252427
  -0.0321388246
  -0.0302652526
  -0.0291061881
  -0.0349722517
  -0.0356525504
  -0.0321832560
  -0.0297711835
  -0.0353849381
  -0.0361353162
  -0.0330710351
  -0.0277059785
  -0.0334340012
  -0.0323330329
  -0.0237600466
  -0.0212244501
  -0.0273363280
  -0.0195946201
  -0.0161835359
   0.0016248990
   0.0047892265
   0.0011882002
   0.0025729741
  -0.0001809420
   0.0007632232
   0.0040751071
   0.0054801043
   0.0002660091
   0.0046666318
   0.0060574929
   0.0051753332
  -0.0002223854
   0.0017549721
   0.0135172828
   0.0166115026
   0.0118201856
   0.0068714737
   0.0093478679
   0.0147960177
   0.0185853081
   0.0195814338
   0.0147237518
   0.0080564211
  -0.0017838775
   0.0085702875
  -0.0049682711
   0.0233161766
   0.0269332187
   0.0237163941
   0.0328997083
   0.0267693104
   0.0238013968
   0.0225011811
   0.0317082868
   0.0265131365
   0.0233121389
   0.0312967117
   0.0260230742
   0.0227754297
   0.0254762461
   0.0084745677
  -0.0065491591
   0.0183893695
   0.0137463917
   0.0061208771
  -0.0069825515
   0.0152729110
   0.0098561869
   0.0032731141
   0.0071337566
   0.0131580977
   0.0167862123
   0.0117642631
   0.0261900661
   0.0198601412
   0.0325807655
   0.0106453442
   0.0206303361
   0.0268115903
   0.0356437644
   0.0157700386
   0.0234216215
   0.0289117636
   0.0327779186
   0.0094969313
   0.0200323415
   0.0264908537
   0.0261006044
   0.0190217609
  -0.0100256387
  -0.0096469534
  -0.0024049991
  -0.0135563221
  -0.0038155453
   0.0001803129
  -0.0080195296
  -0.0016191008
  -0.0076233180
  -0.0031339373
  -0.0117393230
   0.0001111063
  -0.0012921518
  -0.0063384872
  -0.0158799418
  -0.0016247124
  -0.0011007700
  -0.0006194691
  -0.0040832160
  -0.0058436218
  -0.0009817531
  -0.0011072726
  -0.0011314750
  -0.0016131510
  -0.0013643802
  -0.0006723911
  -0.0042573184
  -0.0060470460
  -0.0002530424
  -0.0001123113
  -0.0011544091
  -0.0060851394
  -0.0163908574
   0.0004361515
  -0.0028405506
  -0.0106772795
   0.0029869491
  -0.0034399787
   0.0028699168
  -0.0046258665
   0.0049184347
   0.0005358950
  -0.0113874171
   0.0027259602
  -0.0048900920
  -0.0031744904
  -0.0174960164
  -0.0035113638
   0.0029771709
  -0.0110141543
  -0.0013605070
   0.0032119441
   0.0042668332
   0.0024735492
   0.0023157589
   0.0006552431
  -0.0054396595
  -0.0012037880
   0.0030011086
   0.0028907159
   0.0016132857
   0.0020735113
   0.0010418010
  -0.0029686519
   0.0002425995
   0.0033282397
   0.0027552141
  -0.0183962712
  -0.0080057811
  -0.0003568391
   0.0035822462
   0.0048757005
  -0.0162903950
  -0.0037845653
   0.0026964161
   0.0179337201
   0.0188163994
   0.0240474832
   0.0170828418
   0.0174422688
   0.0132368644
   0.0171325595
   0.0127779835
   0.0052176446
  -0.0108267942
   0.0193730998
   0.0163637865
   0.0205844415
   0.0196342267
   0.0160806743
   0.0089064006
   0.0059301733
   0.0106750932
   0.0074137828
   0.0067888457
   0.0143768000
   0.0053207870
   0.0092441870
   0.0227389804
   0.0113886557
   0.0096792486
   0.0210321940
   0.0093383212
   0.0172761190
   0.0129273381
   0.0078028155
   0.0059643653
  -0.0020353873
  -0.0033655851
  -0.0063622815
  -0.0025270675
  -0.0073344372
  -0.0090112778
  -0.0028743230
  -0.0107188499
  -0.0046566223
  -0.0109849040
  -0.0096683261
   0.0005479813
  -0.0110047238
  -0.0098104151
  -0.0000224333
  -0.0107165279
  -0.0054062587
  -0.0062371134
  -0.0086858525
  -0.0036697148
  -0.0052575049
  -0.0026309909
  -0.0012298670
   0.0006550928
   0.0026638860
   0.0000689191
   0.0018330090
   0.0031419060
   0.0038254993
   0.0039775872
   0.0038868431
   0.0027888930
   0.0010657084
   0.0018547126
  -0.0054485545
  -0.0027397175
  -0.0014226832
  -0.0042916842
   0.0032248766
  -0.0005696750
  -0.0069996472
  -0.0051362653
  -0.0141885647
  -0.0125822806
  -0.0129020778
  -0.0191961499
  -0.0192897150
  -0.0144475725
  -0.0120471062
  -0.0203869568
  -0.0226647747
  -0.0199082750
  -0.0120756791
  -0.0203809118
  -0.0234801058
  -0.0223650208
  -0.0139408111
  -0.0212606395
  -0.0229862120
  -0.0192945904
  -0.0157620810
  -0.0205104385
  -0.0196068648
  -0.0095560292
  -0.0163054485
  -0.0136952705
  -0.0096617208
   0.0010502234
  -0.0019773109
   0.0041470650
   0.0028796210
  -0.0002478770
  -0.0032784459
  -0.0034350758
  -0.0057202655
  -0.0014750896
  -0.0004455113
  -0.0010482174
  -0.0003225180
  -0.0011582256
  -0.0047586381
  -0.0136073063
  -0.0009878680
  -0.0005393489
  -0.0103596025
  -0.0045089281
  -0.0035008614
   0.0004042087
  -0.0034540863
  -0.0071780743
  -0.0036019473
  -0.0015337417
  -0.0149097402
  -0.0186040055
  -0.0239727070
  -0.0249227996
  -0.0203334693
  -0.0264999792
  -0.0288454233
  -0.0275797612
  -0.0217838503
  -0.0233789965
  -0.0286397214
  -0.0302680135
  -0.0293087242
  -0.0252954587
  -0.0271412829
  -0.0295372759
  -0.0286038817
  -0.0238557192
  -0.0251683311
  -0.0265986253
  -0.0233465358
  -0.0163897409
  -0.0211235593
  -0.0151470483
  -0.0127051073
   0.0011136613
   0.0030702790
   0.0008804894
   0.0016042441
  -0.0004184921
   0.0002942774
   0.0026075221
   0.0040334286
   0.0015685154
   0.0038932220
   0.0045300354
  -0.0200828475
  -0.0055751472
   0.0010489893
   0.0037329443
   0.0042614760
   0.0030752467
  -0.0003519302
   0.0011760445
   0.0115427294
   0.0142633739
   0.0100483039
   0.0061685230
   0.0081144512
   0.0127651676
   0.0159684698
   0.0167551616
   0.0125753034
   0.0070619528
  -0.0001758915
  -0.0051005720
   0.0145577368
   0.0084712997
  -0.0004661191
  -0.0048683833
   0.0208504790
   0.0234991248
   0.0210222100
   0.0281722914
   0.0235318232
   0.0211535467
   0.0199273587
   0.0274430778
   0.0233972256
   0.0209919629
   0.0269477062
   0.0231307420
   0.0206016437
   0.0265548488
   0.0227372895
   0.0140235561
   0.0077638354
  -0.0025218442
   0.0155033986
   0.0114191757
   0.0050379399
  -0.0047017542
   0.0128254960
   0.0081142746
   0.0030669315
   0.0059941760
   0.0111144710
   0.0142001160
   0.0097735446
   0.0220331622
   0.0166492922
   0.0274700707
   0.0086841304
   0.0171717370
   0.0226446708
   0.0047245446
   0.0147880915
   0.0207802273
   0.0254608049
   0.0144952927
   0.0206014716
   0.0253849135
   0.0276564903
   0.0165432961
   0.0223328250
  -0.0097219134
  -0.0034472880
  -0.0158706785
  -0.0061395065
  -0.0018128602
  -0.0147631174
  -0.0056598509
  -0.0015455366
  -0.0080032963
  -0.0026310734
  -0.0072190513
  -0.0021435458
  -0.0067441826
  -0.0156567165
  -0.0009412856
  -0.0020815270
  -0.0059846296
  -0.0125825299
  -0.0019957816
  -0.0017259736
  -0.0016100011
  -0.0042997936
  -0.0053238204
  -0.0016966434
  -0.0019277317
  -0.0018827071
  -0.0019223664
  -0.0019131660
  -0.0016563995
  -0.0044147108
  -0.0053409637
  -0.0010113328
  -0.0011114475
  -0.0020140770
  -0.0058929404
  -0.0130945978
  -0.0005691803
  -0.0020570689
  -0.0062858696
  -0.0150537038
  -0.0077111010
  -0.0197456807
  -0.0031311168
   0.0015770259
  -0.0044019110
   0.0027958647
  -0.0017027017
   0.0027669034
  -0.0018062429
   0.0016006560
  -0.0045270586
  -0.0086038614
  -0.0011079395
   0.0026145905
  -0.0093258432
  -0.0019865454
   0.0018377779
   0.0028842824
   0.0016464753
   0.0014629998
  -0.0002096520
  -0.0047921993
  -0.0018489044
   0.0016261604
   0.0018848421
   0.0005219974
   0.0010575277
   0.0003059993
  -0.0027409039
  -0.0005250456
   0.0020444080
   0.0018508858
  -0.0129477459
  -0.0065896162
  -0.0009100626
   0.0022889695
   0.0033284714
  -0.0191561493
  -0.0074623470
  -0.0008777502
   0.0028165026
  -0.0115041174
