   3.9692146807   -0.6358119073    1.9537198127
   5.3036723346    1.2494334280    0.1350664647
   4.6371506488    2.0017808851    0.1350664647
   3.9692146807   -0.6358119073   -1.6835868832
   2.2172701030   -0.5021320097    2.2364909307
   1.6922701030    0.4071946643    1.9551442786
   2.2172701030   -0.5021320097   -1.9635090693
   2.0905731545   -1.8222559536    2.3271307676
   3.1405731545   -1.8222559536    2.0457841155
   2.6155731545   -2.7315826276    2.0457841155
   3.1405731545   -1.8222559536   -1.5915225804
   2.6155731545   -2.7315826276   -1.5915225804
   2.0905731545   -1.8222559536   -1.8728692324
   0.8510905342   -2.2460241507    2.3043302107
  -0.1989094658   -2.2460241507    2.0229835586
   0.3260905342   -3.1553508247    2.0229835586
   1.3760905342   -3.1553508247    2.0229835586
   0.5922691771   -4.0461662298    1.2543302107
   1.6065864384   -3.9003294245    1.2543302107
   0.1064202714   -4.2095582603    0.2043302107
   1.1042175627   -4.3307127863    0.2043302107
   2.0440265023   -3.9742902691    0.2043302107
   0.5922691771   -4.0461662298   -0.8456697893
   1.6065864384   -3.9003294245   -0.8456697893
   0.3260905342   -3.1553508247   -1.6143231373
   1.3760905342   -3.1553508247   -1.6143231373
   0.8510905342   -2.2460241507   -1.8956697893
   0.1286384959   -1.1162856459    2.1898266366
  -0.3963615041   -0.2069589719    1.9084799846
  -0.3963615041   -2.0256123198    1.9084799846
   1.1786384959   -1.1162856459   -1.7288267113
  -0.3963615041   -0.2069589719   -1.7288267113
  -0.3963615041   -2.0256123198   -1.7288267113
   0.1286384959   -1.1162856459   -2.0101733634
   0.9245486822   -0.0183720911    2.1442173876
   1.4495486822    0.8909545829    1.8628707356
  -0.1254513178   -0.0183720911    1.8628707356
  -0.1254513178   -0.0183720911   -1.7744359603
   1.4495486822   -0.9276987651   -1.7744359603
   0.9245486822   -0.0183720911   -2.0557826124
   0.4155158487    1.3152231805    2.0240758574
   1.4655158487    1.3152231805    1.7427292053
  -0.1094841513    2.2245498545    1.7427292053
   1.4655158487    1.3152231805   -1.8945774906
  -0.1094841513    2.2245498545   -1.8945774906
  -0.1094841513    0.4058965065   -1.8945774906
   0.4155158487    1.3152231805   -2.1759241426
   1.0764569172    2.3181112434    1.8412196273
   2.0564569172    2.3181112434    1.5786294187
   1.5664569172    3.1668161392    1.5786294187
   0.5864569172    3.1668161392    1.5786294187
   2.4496902849    3.3158236859    0.8612196273
   1.6009853892    3.9324438864    0.8612196273
   0.5519284453    3.9324438864    0.8612196273
   3.0364569172    2.3181112434   -0.1187803727
   2.7738667086    3.2981112434   -0.1187803727
   2.0564569172    4.0155210349   -0.1187803727
   1.0764569172    4.2781112434   -0.1187803727
   2.7738667086    2.3181112434   -1.0987803727
   2.4496902849    3.3158236859   -1.0987803727
   1.6009853892    3.9324438864   -1.0987803727
   0.5519284453    3.9324438864   -1.0987803727
   2.0564569172    2.3181112434   -1.8161901641
   1.5664569172    3.1668161392   -1.8161901641
   0.5864569172    3.1668161392   -1.8161901641
   1.0764569172    2.3181112434   -2.0787803727
  -0.9780151141    1.3283738817    1.9587953830
  -0.4530151141    2.2377005557    1.6774487310
  -2.0280151141    1.3283738817    1.6774487310
  -0.4530151141    0.4190472077    1.6774487310
  -0.4530151141    2.2377005557   -1.9598579649
  -0.4530151141    0.4190472077   -1.9598579649
  -0.9780151141    1.3283738817   -2.2412046170
  -0.6099603225    2.6176839112    1.5496946101
  -1.1349603225    3.5270105852    1.5496946101
  -1.9187816796    4.4178259903    0.7810412621
  -2.4046305853    4.5812180208   -0.2689587379
  -3.2318328937    4.0102414935   -0.2689587379
  -1.9187816796    4.4178259903   -1.3189587379
  -0.6099603225    2.6176839112   -2.0876120858
  -1.1349603225    3.5270105852   -2.0876120858
  -1.8152065940    0.2176292463    2.0015385156
  -0.7652065940    0.2176292463    1.7201918636
  -2.3402065940    1.1269559203    1.7201918636
  -0.7652065940    0.2176292463   -1.9171148323
  -2.3402065940    1.1269559203   -1.9171148323
  -2.3402065940   -0.6916974276   -1.9171148323
  -1.8152065940    0.2176292463   -2.1984614844
  -3.0052401896    0.3430757173    1.7929452047
  -3.4952401896    1.1917806130    1.5303549962
  -3.9852401896    0.3430757173    1.5303549962
  -3.4952401896   -0.5056291784    1.5303549962
  -4.3784735573    1.3407881598    0.8129452047
  -4.7026499810    0.3430757173    0.8129452047
  -4.3784735573   -0.6546367252    0.8129452047
  -3.9852401896    2.0404855087   -0.1670547953
  -4.7026499810    1.3230757173   -0.1670547953
  -4.9652401896    0.3430757173   -0.1670547953
  -4.7026499810   -0.6369242827   -0.1670547953
  -4.3784735573    1.3407881598   -1.1470547953
  -4.7026499810    0.3430757173   -1.1470547953
  -4.3784735573   -0.6546367252   -1.1470547953
  -3.4952401896    1.1917806130   -1.8644645867
  -3.9852401896    0.3430757173   -1.8644645867
  -3.4952401896   -0.5056291784   -1.8644645867
  -3.0052401896    0.3430757173   -2.1270547953
  -1.2355982411   -1.0197941070    2.1254843372
  -0.7105982411   -0.1104674330    1.8441376852
  -0.7105982411   -1.9291207809    1.8441376852
  -0.7105982411   -1.9291207809   -1.7931690107
  -1.2355982411   -1.0197941070   -2.0745156628
  -1.0540954756   -2.1906610792    1.8812573228
  -3.6759680467   -3.5832186615    0.0626039748
  -2.8487657384   -4.1541951888    0.0626039748
  -2.3629168327   -3.9908031583   -0.9873960252
  -1.0540954756   -2.1906610792   -1.7560493731
   3.4520214127    0.9591993060    2.6497952268
   4.4395006365    0.9591993060    2.3289437773
   3.7571692744    1.8983478566    2.3289437773
   2.6531339390    1.5396250307    2.3289437773
   2.6531339390    0.3787735813    2.3289437773
   3.7571692744    0.0200507555    2.3289437773
   5.0497963601    0.9591993060    1.4889437773
   4.6759880325    1.9862292453    1.4889437773
   3.7294721206    2.5327004618    1.4889437773
   2.6531339390    2.3429130000    1.4889437773
   1.9506040850    1.5056705225    1.4889437773
   4.6759880325    1.9862292453    0.4506466762
   3.7294721206    2.5327004618    0.4506466762
   5.2665447732   -0.4086118776    1.5754251727
   4.5842134111   -1.3477604282    1.5754251727
   5.8768404967   -0.4086118776    0.7354251727
   5.5030321691    0.6184180616    0.7354251727
   4.5565162573   -1.9821130334    0.7354251727
   5.5030321691   -1.4356418169    0.7354251727
   5.8768404967   -0.4086118776   -0.3028719284
   5.5030321691    0.6184180616   -0.3028719284
   4.5565162573   -1.9821130334   -0.3028719284
   5.5030321691   -1.4356418169   -0.3028719284
   5.2665447732   -0.4086118776   -1.1428719284
   4.5842134111   -1.3477604282   -1.1428719284
   3.8023331954    2.4133908278   -0.2620621106
   5.1226574349    0.8398896720   -1.3003592117
   4.7488491073    1.8669196113   -1.3003592117
   3.8023331954    2.4133908278   -1.3003592117
   2.7259950138    2.2236033660   -1.3003592117
   4.5123617114    0.8398896720   -2.1403592117
   3.8300303493    1.7790382226   -2.1403592117
   2.7259950138    1.4203153968   -2.1403592117
   2.7259950138    0.2594639473   -2.1403592117
   3.8300303493   -0.0992588785   -2.1403592117
   3.5248824875    0.8398896720   -2.4612106611
   3.9294399958   -2.4672265475    1.6704409243
   3.2471086338   -3.4063750980    1.6704409243
   4.5397357194   -2.4672265475    0.8304409243
   2.1430732983   -3.8509402414    0.8304409243
   3.2194114799   -4.0407277032    0.8304409243
   4.1659273918   -3.4942564867    0.8304409243
   4.5397357194   -2.4672265475   -0.2078561768
   3.2194114799   -4.0407277032   -0.2078561768
   4.1659273918   -3.4942564867   -0.2078561768
   3.9294399958   -2.4672265475   -1.0478561768
   3.2471086338   -3.4063750980   -1.0478561768
  -0.6028882005    4.3250705466    1.0600598053
   0.3159305575    4.4129519353    0.2200598053
  -0.6305853543    4.9594231518    0.2200598053
  -1.7069235359    4.7696356900    0.2200598053
   0.3159305575    4.4129519353   -0.8182372958
  -0.6305853543    4.9594231518   -0.8182372958
  -1.7069235359    4.7696356900   -0.8182372958
   0.0794431616    3.3859219960   -1.6582372958
  -0.6028882005    4.3250705466   -1.6582372958
  -3.7505478692    3.1800545236   -0.6552407966
  -1.9716798335    4.2070844628   -1.6935378977
  -3.0480180152    4.0172970010   -1.6935378977
  -3.7505478692    3.1800545236   -1.6935378977
  -3.7505478692    2.0871120906   -1.6935378977
  -1.2616513176    2.6335833071   -2.5335378977
  -1.9439826797    3.5727318576   -2.5335378977
  -3.0480180152    3.2140090318   -2.5335378977
  -3.0480180152    2.0531575823   -2.5335378977
  -1.9439826797    1.6944347565   -2.5335378977
  -2.2491305415    2.6335833071   -2.8543893472
  -2.3185918109    2.7708189921    2.2538021365
  -1.3311125870    2.7708189921    1.9329506870
  -2.0134439491    3.7099675427    1.9329506870
  -3.1174792846    3.3512447169    1.9329506870
  -3.1174792846    2.1903932674    1.9329506870
  -2.0134439491    1.8316704416    1.9329506870
  -2.0411411029    4.3443201479    1.0929506870
  -3.1174792846    4.1545326861    1.0929506870
  -3.8200091386    3.3172902086    1.0929506870
  -3.8200091386    2.2243477756    1.0929506870
  -3.1174792846    4.1545326861    0.0546535859
  -3.8200091386    3.3172902086    0.0546535859
  -3.8200091386    2.2243477756    0.0546535859
  -1.4850338627   -3.0572689764    1.9064330844
  -2.2839213364   -3.6376947012    1.5855816349
  -1.1798860010   -3.9964175270    1.5855816349
  -2.2839213364   -4.4409826704    0.7455816349
  -1.2075831548   -4.6307701322    0.7455816349
  -0.2610672429   -4.0842989157    0.7455816349
  -2.2839213364   -4.4409826704   -0.2927154662
  -1.2075831548   -4.6307701322   -0.2927154662
  -0.2610672429   -4.0842989157   -0.2927154662
  -1.1798860010   -3.9964175270   -1.1327154662
  -4.1392748616   -1.7438220254   -0.3533783196
  -4.1392748616   -2.8367644584   -0.3533783196
  -4.1392748616   -1.7438220254   -1.3916754207
  -4.1392748616   -2.8367644584   -1.3916754207
  -3.4367450075   -3.6740069359   -1.3916754207
  -2.3604068259   -3.8637943977   -1.3916754207
  -1.6503783100   -2.2902932419   -2.2316754207
  -2.3327096721   -1.3511446914   -2.2316754207
  -3.4367450075   -1.7098675172   -2.2316754207
  -3.4367450075   -2.8707189667   -2.2316754207
  -2.3327096721   -3.2294417925   -2.2316754207
  -2.6378575338   -2.2902932419   -2.5525268701
  -2.8222927206   -2.0897797372    2.5431484734
  -1.8348134968   -2.0897797372    2.2222970239
  -2.5171448589   -1.1506311866    2.2222970239
  -3.6211801943   -1.5093540124    2.2222970239
  -3.6211801943   -2.6702054619    2.2222970239
  -2.5171448589   -3.0289282877    2.2222970239
  -3.6211801943   -0.7060660432    1.3822970239
  -4.3237100483   -1.5433085207    1.3822970239
  -4.3237100483   -2.6362509537    1.3822970239
  -3.6211801943   -3.4734934311    1.3822970239
  -4.3237100483   -1.5433085207    0.3439999228
  -4.3237100483   -2.6362509537    0.3439999228
   3.9648751676   -0.6282956502    2.2973917477
   5.5523259543    1.2887276497    0.6691167062
   5.5523259543    1.2887276497   -0.3989837768
   5.3206102386    0.2735147667   -1.3613090597
   3.9648751676   -0.6282956502   -2.0272588182
   2.2172701030   -0.5021320097    2.5364909307
   1.6966096161    0.3996784072    2.2988162137
   2.2172701030   -0.5021320097   -2.2635090693
   2.0905731545   -1.8222559536    2.6271307676
   3.1318941284   -1.8222559536    2.3894560505
   2.6112336415   -2.7240663705    2.3894560505
   3.9669687125   -1.8222559536   -1.2692447569
   3.1318941284   -1.8222559536   -1.9351945154
   2.6112336415   -2.7240663705   -1.9351945154
   2.0905731545   -1.8222559536   -2.1728692324
   0.8510905342   -2.2460241507    2.6043302107
  -0.1902304397   -2.2460241507    2.3666554936
   0.3304300473   -3.1478345676    2.3666554936
   1.3717510212   -3.1478345676    2.3666554936
  -0.3776872380   -3.6641092949    1.7007057351
   0.5840516039   -4.1033207074    1.7007057351
   1.6305734193   -3.9528535861    1.7007057351
   0.3304300473   -4.5271867922    0.7383804522
   1.3717510212   -4.5271867922    0.7383804522
   0.3304300473   -4.5271867922   -0.3297200308
   1.3717510212   -4.5271867922   -0.3297200308
  -0.3776872380   -3.6641092949   -1.2920453138
   0.5840516039   -4.1033207074   -1.2920453138
   1.6305734193   -3.9528535861   -1.2920453138
   0.3304300473   -3.1478345676   -1.9579950723
   1.3717510212   -3.1478345676   -1.9579950723
   0.8510905342   -2.2460241507   -2.1956697893
   0.1286384959   -1.1162856459    2.4898266366
  -0.3920219910   -0.2144752290    2.2521519196
  -0.3920219910   -2.0180960627    2.2521519196
  -0.3920219910   -0.2144752290   -2.0724986463
  -0.3920219910   -2.0180960627   -2.0724986463
   0.1286384959   -1.1162856459   -2.3101733634
   0.9245486822   -0.0183720911    2.4442173876
   1.4452091691    0.8834383258    2.2065426706
  -0.1167722917   -0.0183720911   -2.1181078953
   1.4452091691   -0.9201825080   -2.1181078953
   0.9245486822   -0.0183720911   -2.3557826124
   0.4155158487    1.3152231805    2.3240758574
   1.4568368226    1.3152231805    2.0864011403
  -0.1051446382    2.2170335974    2.0864011403
   1.4568368226    1.3152231805   -2.2382494256
  -0.1051446382    2.2170335974   -2.2382494256
  -0.1051446382    0.4134127636   -2.2382494256
   0.4155158487    1.3152231805   -2.4759241426
   1.0764569172    2.3181112434    2.1212196273
   2.0483564928    2.3181112434    1.8993898914
   1.5624067050    3.1598009659    1.8993898914
   0.5905071294    3.1598009659    1.8993898914
   2.4932904188    3.3475010374    1.2778367835
   1.6176391584    3.9836989178    1.2778367835
   0.5352746760    3.9836989178    1.2778367835
   3.0101498967    3.3329916092    0.3796665194
   2.3170185949    4.1153751138    0.3796665194
   1.3396895630    4.4860271251    0.3796665194
   3.0101498967    3.3329916092   -0.6172272648
   2.3170185949    4.1153751138   -0.6172272648
   1.3396895630    4.4860271251   -0.6172272648
   2.4932904188    3.3475010374   -1.5153975289
   1.6176391584    3.9836989178   -1.5153975289
   0.5352746760    3.9836989178   -1.5153975289
   2.0483564928    2.3181112434   -2.1369506368
   1.5624067050    3.1598009659   -2.1369506368
   0.5905071294    3.1598009659   -2.1369506368
   1.0764569172    2.3181112434   -2.3587803727
  -0.9780151141    1.3283738817    2.2587953830
  -0.4573546271    2.2301842986    2.0211206660
  -2.0193360879    1.3283738817    2.0211206660
  -0.4573546271    0.4265634648    2.0211206660
  -0.4573546271    0.4265634648   -2.3035299000
  -0.9780151141    1.3283738817   -2.5412046170
  -0.6186393486    2.6176839112    1.8933665451
  -1.1392998356    3.5194943281    1.8933665451
  -2.1806208094    4.8988465527    0.2650915036
  -2.1806208094    4.8988465527   -0.8030089794
  -3.1188185884    4.4470343149   -0.8030089794
  -1.9269992529    4.4749804679   -1.7653342623
  -0.6186393486    2.6176839112   -2.4312840208
  -1.8152065940    0.2176292463    2.3015385156
  -0.7738856201    0.2176292463    2.0638637986
  -2.3358670810    1.1194396632    2.0638637986
  -0.7738856201    0.2176292463   -2.2607867674
  -2.3358670810   -0.6841811705   -2.2607867674
  -1.8152065940    0.2176292463   -2.4984614844
  -3.0052401896    0.3430757173    2.0729452047
  -3.4911899774    1.1847654397    1.8511154688
  -3.9771397652    0.3430757173    1.8511154688
  -3.4911899774   -0.4986140051    1.8511154688
  -4.4220736912    1.3724655113    1.2295623609
  -4.7565427103    0.3430757173    1.2295623609
  -4.4220736912   -0.6863140767    1.2295623609
  -4.6398667966    1.7912285240    0.3313920968
  -5.1256203344    0.8657024842    0.3313920968
  -5.1256203344   -0.1795510496    0.3313920968
  -4.6398667966   -1.1050770895    0.3313920968
  -4.6398667966    1.7912285240   -0.6655016873
  -5.1256203344    0.8657024842   -0.6655016873
  -5.1256203344   -0.1795510496   -0.6655016873
  -4.6398667966   -1.1050770895   -0.6655016873
  -4.4220736912    1.3724655113   -1.5636719514
  -4.7565427103    0.3430757173   -1.5636719514
  -4.4220736912   -0.6863140767   -1.5636719514
  -3.4911899774    1.1847654397   -2.1852250594
  -3.9771397652    0.3430757173   -2.1852250594
  -3.4911899774   -0.4986140051   -2.1852250594
  -3.0052401896    0.3430757173   -2.4070547953
  -1.2355982411   -1.0197941070    2.4254843372
  -0.7149377542   -0.1179836901    2.1878096202
  -0.7149377542   -1.9216045238    2.1878096202
  -0.7149377542   -1.9216045238   -2.1368409457
  -1.2355982411   -1.0197941070   -2.3745156628
  -1.0627745017   -2.1906610792    2.2249292578
  -1.5834349886   -3.0924714961    2.2249292578
  -3.5629537415   -4.0200114829    0.5966542163
  -3.5629537415   -4.0200114829   -0.4714462667
  -2.6247559625   -4.4718237207   -0.4714462667
  -1.0627745017   -2.1906610792   -2.0997213081
   3.4520214127    0.9591993060    2.8897952268
   4.4120214127    0.9591993060    2.6325640021
   3.9320214127    1.7905836936    2.6325640021
   2.9720214127    1.7905836936    2.6325640021
   2.4920214127    0.9591993060    2.6325640021
   2.9720214127    0.1278149184    2.6325640021
   3.9320214127    0.1278149184    2.6325640021
   5.1147901880    0.9591993060    1.9297952268
   4.7972296096    1.9365502701    1.9297952268
   3.9658452220    2.5405863848    1.9297952268
   2.9381976034    2.5405863848    1.9297952268
   2.1068132158    1.9365502701    1.9297952268
   5.1147901880    1.9191993060    0.9697952268
   4.4120214127    2.6219680813    0.9697952268
   3.4520214127    2.8791993060    0.9697952268
   5.2390655494   -0.4086118776    1.8790453974
   4.7590655494   -1.2399962653    1.8790453974
   5.9418343246   -0.4086118776    1.1762766221
   5.6242737463    0.5687390864    1.1762766221
   4.7928893586   -1.9899989565    1.1762766221
   5.6242737463   -1.3859628417    1.1762766221
   6.1990655494   -0.4086118776    0.2162766221
   5.9418343246    0.5513881224    0.2162766221
   5.2390655494   -2.0713806529    0.2162766221
   5.9418343246   -1.3686118776    0.2162766221
   5.9418343246   -0.4086118776   -0.7437233779
   4.7928893586   -1.9899989565   -0.7437233779
   5.6242737463   -1.3859628417   -0.7437233779
   5.2390655494   -0.4086118776   -1.4464921531
   4.7590655494   -1.2399962653   -1.4464921531
   5.1876512628    1.7998896720   -0.7812106611
   4.4848824875    2.5026584473   -0.7812106611
   3.5248824875    2.7598896720   -0.7812106611
   5.1876512628    0.8398896720   -1.7412106611
   4.8700906844    1.8172406361   -1.7412106611
   4.0387062968    2.4212767509   -1.7412106611
   3.0110586782    2.4212767509   -1.7412106611
   4.4848824875    0.8398896720   -2.4439794364
   4.0048824875    1.6712740597   -2.4439794364
   3.0448824875    1.6712740597   -2.4439794364
   2.5648824875    0.8398896720   -2.4439794364
   3.0448824875    0.0085052844   -2.4439794364
   4.0048824875    0.0085052844   -2.4439794364
   3.5248824875    0.8398896720   -2.7012106611
   3.9019607720   -2.4672265475    1.9740611490
   3.4219607720   -3.2986109351    1.9740611490
   4.6047295473   -2.4672265475    1.2712923738
   2.4281369627   -4.0486136263    1.2712923738
   3.4557845813   -4.0486136263    1.2712923738
   4.2871689689   -3.4445775115    1.2712923738
   4.8619607720   -2.4672265475    0.3112923738
   2.9419607720   -4.3872265475    0.3112923738
   3.9019607720   -4.1299953227    0.3112923738
   4.6047295473   -3.4272265475    0.3112923738
   4.6047295473   -2.4672265475   -0.6487076262
   2.4281369627   -4.0486136263   -0.6487076262
   3.4557845813   -4.0486136263   -0.6487076262
   4.2871689689   -3.4445775115   -0.6487076262
   3.9019607720   -2.4672265475   -1.3514764015
   3.4219607720   -3.2986109351   -1.3514764015
  -0.4280360623    4.2173063837    1.3636800300
   0.4371721346    4.3632729601    0.6609112548
  -0.3942122530    4.9673090749    0.6609112548
  -1.4218598715    4.9673090749    0.6609112548
   0.0519639377    5.0486907713   -0.2990887452
  -0.9080360623    5.3059219960   -0.2990887452
  -1.8680360623    5.0486907713   -0.2990887452
   0.4371721346    4.3632729601   -1.2590887452
  -0.3942122530    4.9673090749   -1.2590887452
  -1.4218598715    4.9673090749   -1.2590887452
   0.0519639377    3.3859219960   -1.9618575205
  -0.4280360623    4.2173063837   -1.9618575205
  -3.2091305415    4.2963520823   -1.1743893472
  -3.9118993167    3.5935833071   -1.1743893472
  -4.1691305415    2.6335833071   -1.1743893472
  -1.7353067322    4.2149703859   -2.1343893472
  -2.7629543508    4.2149703859   -2.1343893472
  -3.5943387384    3.6109342711   -2.1343893472
  -3.9118993167    2.6335833071   -2.1343893472
  -3.5943387384    1.6562323430   -2.1343893472
  -1.2891305415    2.6335833071   -2.8371581224
  -1.7691305415    3.4649676947   -2.8371581224
  -2.7291305415    3.4649676947   -2.8371581224
  -3.2091305415    2.6335833071   -2.8371581224
  -2.7291305415    1.8021989194   -2.8371581224
  -1.7691305415    1.8021989194   -2.8371581224
  -2.2491305415    2.6335833071   -3.0943893472
  -2.3185918109    2.7708189921    2.4938021365
  -1.3585918109    2.7708189921    2.2365709118
  -1.8385918109    3.6022033798    2.2365709118
  -2.7985918109    3.6022033798    2.2365709118
  -3.2785918109    2.7708189921    2.2365709118
  -2.7985918109    1.9394346045    2.2365709118
  -1.8385918109    1.9394346045    2.2365709118
  -1.8047680016    4.3522060709    1.5338021365
  -2.8324156202    4.3522060709    1.5338021365
  -3.6638000078    3.7481699562    1.5338021365
  -3.9813605861    2.7708189921    1.5338021365
  -3.6638000078    1.7934680281    1.5338021365
  -3.2785918109    4.4335877674    0.5738021365
  -3.9813605861    3.7308189921    0.5738021365
  -4.2385918109    2.7708189921    0.5738021365
  -1.9650338627   -3.8886533641    1.8892018597
  -1.0050338627   -3.8886533641    1.8892018597
  -1.9988576720   -4.6386560552    1.1864330844
  -0.9712100535   -4.6386560552    1.1864330844
  -2.4450338627   -4.7200377517    0.2264330844
  -1.4850338627   -4.9772689764    0.2264330844
  -0.5250338627   -4.7200377517    0.2264330844
  -1.9988576720   -4.6386560552   -0.7335669156
  -0.9712100535   -4.6386560552   -0.7335669156
  -1.0050338627   -3.8886533641   -1.4363356909
  -4.5578575338   -2.2902932419   -0.8725268701
  -4.3006263091   -3.2502932419   -0.8725268701
  -3.5978575338   -3.9530620172   -0.8725268701
  -3.9830657307   -1.3129422779   -1.8325268701
  -4.3006263091   -2.2902932419   -1.8325268701
  -3.9830657307   -3.2676442060   -1.8325268701
  -3.1516813431   -3.8716803208   -1.8325268701
  -2.1240337246   -3.8716803208   -1.8325268701
  -1.6778575338   -2.2902932419   -2.5352956454
  -2.1578575338   -1.4589088543   -2.5352956454
  -3.1178575338   -1.4589088543   -2.5352956454
  -3.5978575338   -2.2902932419   -2.5352956454
  -3.1178575338   -3.1216776296   -2.5352956454
  -2.1578575338   -3.1216776296   -2.5352956454
  -2.6378575338   -2.2902932419   -2.7925268701
  -2.8222927206   -2.0897797372    2.7831484734
  -1.8622927206   -2.0897797372    2.5259172487
  -2.3422927206   -1.2583953495    2.5259172487
  -3.3022927206   -1.2583953495    2.5259172487
  -3.7822927206   -2.0897797372    2.5259172487
  -3.3022927206   -2.9211641248    2.5259172487
  -2.3422927206   -2.9211641248    2.5259172487
  -4.1675009175   -1.1124287731    1.8231484734
  -4.4850614959   -2.0897797372    1.8231484734
  -4.1675009175   -3.0671307012    1.8231484734
  -3.3361165299   -3.6711668160    1.8231484734
  -4.4850614959   -1.1297797372    0.8631484734
  -4.7422927206   -2.0897797372    0.8631484734
  -4.4850614959   -3.0497797372    0.8631484734
  -3.7822927206   -3.7525485124    0.8631484734
   3.9608373144   -0.6213018832    2.6295412025
   5.3534029899    0.2735147667    2.0442547739
   5.6916587612    1.3558267931    1.1683117321
   5.9386894185    1.3067600341    0.1350664647
   5.3534029899    2.1827030759    0.1350664647
   4.4774599481    2.7679895045    0.1350664647
   5.6916587612    1.3558267931   -0.8981788027
   4.2373201670   -1.4631440045   -1.7741218445
   5.0503260907   -0.7586703615   -1.7741218445
   3.9608373144   -0.6213018832   -2.3594082731
   2.2172701030   -0.5021320097    2.8364909307
   1.7006474694    0.3926846402    2.6309656685
   2.2172701030   -0.5021320097   -2.5635090693
   2.0905731545   -1.8222559536    2.9271307676
   3.1238184219   -1.8222559536    2.7216055053
   2.6071957882   -2.7170726035    2.7216055053
   3.9997614637   -1.8222559536    2.1363190768
   3.9997614637   -1.8222559536   -1.6820575416
   2.8836786408   -3.5589147248   -1.6820575416
   3.6966845645   -2.8544410817   -1.6820575416
   3.1238184219   -1.8222559536   -2.2673439702
   2.6071957882   -2.7170726035   -2.2673439702
   2.0905731545   -1.8222559536   -2.4728692324
   0.8510905342   -2.2460241507    2.9043302107
  -0.1821547332   -2.2460241507    2.6988049485
   0.3344679005   -3.1408408006    2.6988049485
   1.3677131679   -3.1408408006    2.6988049485
  -0.3991619232   -3.6888924027    2.1135185199
   0.5793847088   -4.1357796757    2.1135185199
   1.6441960205   -3.9826829219    2.1135185199
   0.2960176858   -4.6779571988    1.2375754781
   1.4061633826   -4.6779571988    1.2375754781
   0.8510905342   -4.9460241507    0.2043302107
   1.8843358016   -4.7404988885    0.2043302107
   0.2960176858   -4.6779571988   -0.8289150567
   1.4061633826   -4.6779571988   -0.8289150567
  -0.3991619232   -3.6888924027   -1.7048580985
   0.5793847088   -4.1357796757   -1.7048580985
   1.6441960205   -3.9826829219   -1.7048580985
   0.3344679005   -3.1408408006   -2.2901445271
   1.3677131679   -3.1408408006   -2.2901445271
   0.8510905342   -2.2460241507   -2.4956697893
   0.1286384959   -1.1162856459    2.7898266366
  -0.3879841378   -0.2214689960    2.5843013744
  -0.3879841378   -2.0111022958   -2.4046481011
   0.1286384959   -1.1162856459   -2.6101733634
   0.9245486822   -0.0183720911    2.7442173876
   1.4411713159    0.8764445588    2.5386921254
  -0.1086965852   -0.0183720911   -2.4502573501
   1.4411713159   -0.9131887410   -2.4502573501
   0.9245486822   -0.0183720911   -2.6557826124
   0.4155158487    1.3152231805    2.6240758574
   1.4487611161    1.3152231805    2.4185505952
   0.9321384824    2.2100398304    2.4185505952
  -0.1011067850    2.2100398304    2.4185505952
   1.4487611161    1.3152231805   -2.5703988804
  -0.1011067850    2.2100398304   -2.5703988804
  -0.1011067850    0.4204065306   -2.5703988804
   0.4155158487    1.3152231805   -2.7759241426
   1.0764569172    2.3181112434    2.4012196273
   2.1698439398    2.3181112434    2.1516611744
   1.6231504285    3.2650121812    2.1516611744
   0.5297634059    3.2650121812    2.1516611744
   2.7339075289    3.3832900732    1.4524139280
   1.8949139466    4.1102821506    1.4524139280
   0.7960660403    4.2682726280    1.4524139280
   3.2899737545    3.3840847706    0.4419723809
   2.6082580964    4.2389291673    0.4419723809
   1.6231504285    4.7133320170    0.4419723809
   3.2899737545    3.3840847706   -0.6795331263
   2.6082580964    4.2389291673   -0.6795331263
   1.6231504285    4.7133320170   -0.6795331263
   2.7339075289    3.3832900732   -1.6899746734
   1.8949139466    4.1102821506   -1.6899746734
   0.7960660403    4.2682726280   -1.6899746734
   2.1698439398    2.3181112434   -2.3892219198
   1.6231504285    3.2650121812   -2.3892219198
   0.5297634059    3.2650121812   -2.3892219198
   1.0764569172    2.3181112434   -2.6387803727
  -0.9780151141    1.3283738817    2.5587953830
  -0.4613924804    2.2231905316    2.3532701208
  -0.4613924804    0.4335572318    2.3532701208
  -0.4613924804    0.4335572318   -2.6356793548
  -0.9780151141    1.3283738817   -2.8412046170
  -0.6267150551    2.6176839112    2.2255159999
  -0.8668548362    4.3543426824    1.6402295713
  -2.2150331709    5.0496169593    0.7642865295
  -2.6932055899    5.1121586490   -0.2689587379
  -3.5691486317    4.5268722204   -0.2689587379
  -4.1544350603    3.6509291786   -0.2689587379
  -4.3599603225    2.6176839112   -0.2689587379
  -2.2150331709    5.0496169593   -1.3022040052
  -3.2152398825    4.5679427934   -1.3022040052
  -0.6267150551    2.6176839112   -2.7634334756
  -1.8152065940    0.2176292463    2.6015385156
  -0.7819613266    0.2176292463    2.3960132534
  -2.3318292277    1.1124458962    2.3960132534
  -2.8484518614    0.2176292463    2.3960132534
  -2.3318292277   -0.6771874035   -2.5929362222
  -1.8152065940    0.2176292463   -2.7984614844
  -3.0052401896    0.3430757173    2.3529452047
  -3.5519337009    1.2899766550    2.1033867519
  -4.0986272122    0.3430757173    2.1033867519
  -4.2954568505    1.8320651187    1.4041395054
  -4.8956479608    0.8981495214    1.4041395054
  -4.8956479608   -0.2119980868    1.4041395054
  -4.5370413688    2.2638936412    0.3936979583
  -5.2187570269    1.4090492444    0.3936979583
  -5.4620585283    0.3430757173    0.3936979583
  -5.2187570269   -0.7228978099    0.3936979583
  -4.5370413688    2.2638936412   -0.7278075488
  -5.2187570269    1.4090492444   -0.7278075488
  -5.4620585283    0.3430757173   -0.7278075488
  -5.2187570269   -0.7228978099   -0.7278075488
  -4.2954568505    1.8320651187   -1.7382490959
  -4.8956479608    0.8981495214   -1.7382490959
  -4.8956479608   -0.2119980868   -1.7382490959
  -4.2954568505   -1.1459136842   -1.7382490959
  -3.5519337009    1.2899766550   -2.4374963424
  -4.0986272122    0.3430757173   -2.4374963424
  -3.5519337009   -0.6038252204   -2.4374963424
  -3.0052401896    0.3430757173   -2.6870547953
  -1.2355982411   -1.0197941070    2.7254843372
  -0.7189756074   -0.1249774571    2.5199590750
  -0.7189756074   -1.9146107569   -2.4689904006
  -1.2355982411   -1.0197941070   -2.6745156628
  -1.0708502082   -2.1906610792    2.5570787126
  -1.5874728419   -3.0854777291    2.5570787126
  -2.3758013010   -4.0804166042    1.9717922840
  -3.6593750356   -4.1409199614    1.0958492422
  -4.5985702133   -3.2239063466    0.0626039748
  -4.0132837848   -4.0998493884    0.0626039748
  -3.1373407430   -4.6851358170    0.0626039748
  -2.6591683239   -4.6225941273   -0.9706412925
  -1.3109899893   -3.9273198504   -1.8465843344
  -1.0708502082   -2.1906610792   -2.4318707629
   3.4520214127    0.9591993060    3.1297952268
   4.5320214127    0.9591993060    2.8404100990
   3.9920214127    1.8945067421    2.8404100990
   2.9120214127    1.8945067421    2.8404100990
   2.3720214127    0.9591993060    2.8404100990
   2.9120214127    0.0238918699    2.8404100990
   3.9920214127    0.0238918699    2.8404100990
   5.3226362849    0.9591993060    2.0497952268
   5.0256827825    1.9705300597    2.0497952268
   4.2291029141    2.6607704447    2.0497952268
   3.1858051597    2.8107740160    2.0497952268
   4.6790412656    2.7368444563    0.9697952268
   3.7123806420    3.1034504741    0.9697952268
   5.3590655494   -0.4086118776    2.0868914943
   4.8190655494   -1.3439193137    2.0868914943
   6.1496804215   -0.4086118776    1.2962766221
   5.0561470508   -2.1101830164    1.2962766221
   5.8527269191   -1.4199426313    1.2962766221
   6.4390655494   -0.4086118776    0.2162766221
   6.1916505648    0.5951901740    0.2162766221
   5.5060854023   -2.1862570280    0.2162766221
   6.1916505648   -1.4124139293    0.2162766221
   6.1496804215   -0.4086118776   -0.8637233779
   5.0561470508   -2.1101830164   -0.8637233779
   5.8527269191   -1.4199426313   -0.8637233779
   5.3590655494   -0.4086118776   -1.6543382500
   4.8190655494   -1.3439193137   -1.6543382500
   4.7519023404    2.6175348224   -0.7812106611
   3.7852417169    2.9841408401   -0.7812106611
   5.3954973597    0.8398896720   -1.8612106611
   5.0985438573    1.8512204257   -1.8612106611
   4.3019639890    2.5414608108   -1.8612106611
   3.2586662345    2.6914643820   -1.8612106611
   4.6048824875    0.8398896720   -2.6518255333
   4.0648824875    1.7751971081   -2.6518255333
   2.9848824875    1.7751971081   -2.6518255333
   2.4448824875    0.8398896720   -2.6518255333
   2.9848824875   -0.0954177640   -2.6518255333
   4.0648824875   -0.0954177640   -2.6518255333
   3.5248824875    0.8398896720   -2.9412106611
   4.0219607720   -2.4672265475    2.1819072459
   3.4819607720   -3.4025339835    2.1819072459
   4.8125756442   -2.4672265475    1.3912923738
   2.6757445190   -4.3188012574    1.3912923738
   3.7190422734   -4.1687976862    1.3912923738
   4.5156221418   -3.4785573011    1.3912923738
   5.1019607720   -2.4672265475    0.3112923738
   3.2023200013   -4.6114777155    0.3112923738
   4.1689806249   -4.2448716978    0.3112923738
   4.8545457874   -3.4710285991    0.3112923738
   4.8125756442   -2.4672265475   -0.7687076262
   2.6757445190   -4.3188012574   -0.7687076262
   3.7190422734   -4.1687976862   -0.7687076262
   4.5156221418   -3.4785573011   -0.7687076262
   4.0219607720   -2.4672265475   -1.5593224984
   3.4819607720   -3.4025339835   -1.5593224984
  -0.3680360623    4.3212294321    1.5715261270
  -0.1309545608    5.0874931348    0.7809112548
  -1.1742523153    5.2374967060    0.7809112548
   0.3189837907    5.1635671464   -0.2990887452
  -0.6476768329    5.5301731641   -0.2990887452
  -1.6739826183    5.4055570802   -0.2990887452
  -0.1309545608    5.0874931348   -1.3790887452
  -1.1742523153    5.2374967060   -1.3790887452
  -0.3680360623    4.3212294321   -2.1697036174
  -3.8659137575    4.0659282489   -1.1743893472
  -4.3463648671    3.1505051419   -1.1743893472
  -2.5153467945    4.4851580170   -2.2543893472
  -3.4741227696    4.0472997005   -2.2543893472
  -4.0439723677    3.1605964179   -2.2543893472
  -4.0439723677    2.1065701963   -2.2543893472
  -1.1691305415    2.6335833071   -3.0450042194
  -1.7091305415    3.5688907432   -3.0450042194
  -2.7891305415    3.5688907432   -3.0450042194
  -3.3291305415    2.6335833071   -3.0450042194
  -2.7891305415    1.6982758710   -3.0450042194
  -1.7091305415    1.6982758710   -3.0450042194
  -2.2491305415    2.6335833071   -3.3343893472
  -2.3185918109    2.7708189921    2.7338021365
  -1.2385918109    2.7708189921    2.4444170087
  -1.7785918109    3.7061264282    2.4444170087
  -2.8585918109    3.7061264282    2.4444170087
  -3.3985918109    2.7708189921    2.4444170087
  -2.8585918109    1.8355115560    2.4444170087
  -1.7785918109    1.8355115560    2.4444170087
  -2.5848080639    4.6223937021    1.6538021365
  -3.5435840390    4.1845353856    1.6538021365
  -4.1134336371    3.2978321029    1.6538021365
  -4.1134336371    2.2438058813    1.6538021365
  -3.0845383669    4.7904540763    0.5738021365
  -3.9353750269    4.2031639339    0.5738021365
  -4.4158261365    3.2877408270    0.5738021365
  -2.0250338627   -3.9925764125    2.0970479566
  -0.9450338627   -3.9925764125    2.0970479566
  -1.7512501157   -4.9088436864    1.3064330844
  -0.7079523613   -4.7588401151    1.3064330844
  -2.2509804187   -5.0769040606    0.2264330844
  -1.2246746334   -5.2015201445    0.2264330844
  -0.2580140098   -4.8349141268    0.2264330844
  -1.7512501157   -4.9088436864   -0.8535669156
  -0.7079523613   -4.7588401151   -0.8535669156
  -0.9450338627   -3.9925764125   -1.6441817878
  -4.7350918595   -1.7733714071   -0.8725268701
  -4.7350918595   -2.8072150768   -0.8725268701
  -4.2546407499   -3.7226381837   -0.8725268701
  -4.4326993600   -1.7632801311   -1.9525268701
  -4.4326993600   -2.8173063527   -1.9525268701
  -3.8628497620   -3.7040096354   -1.9525268701
  -2.9040737868   -4.1418679519   -1.9525268701
  -1.8607760324   -3.9918643807   -1.9525268701
  -1.5578575338   -2.2902932419   -2.7431417423
  -2.0978575338   -1.3549858059   -2.7431417423
  -3.1778575338   -1.3549858059   -2.7431417423
  -3.7178575338   -2.2902932419   -2.7431417423
  -3.1778575338   -3.2256006780   -2.7431417423
  -2.0978575338   -3.2256006780   -2.7431417423
  -2.6378575338   -2.2902932419   -3.0325268701
  -2.8222927206   -2.0897797372    3.0231484734
  -2.2822927206   -1.1544723011    2.7337633456
  -3.3622927206   -1.1544723011    2.7337633456
  -3.9022927206   -2.0897797372    2.7337633456
  -3.3622927206   -3.0250871732    2.7337633456
  -2.2822927206   -3.0250871732    2.7337633456
  -4.0472849487   -0.6760633437    1.9431484734
  -4.6171345468   -1.5627666264    1.9431484734
  -4.6171345468   -2.6167928480    1.9431484734
  -4.0472849487   -3.5034961306    1.9431484734
  -3.0885089736   -3.9413544471    1.9431484734
  -4.9195270463   -1.5728579023    0.8631484734
  -4.9195270463   -2.6067015720    0.8631484734
  -4.4390759367   -3.5221246790    0.8631484734
   3.9572448957   -0.6150796315    2.9541443271
   5.3725775098    0.2735147667    2.4331997941
   4.2452855504   -1.4805857613    2.4331997941
   5.8176754022    1.3302475634    1.6350664647
   6.1991323237    1.3407755474    0.6560109977
   5.6275598144    2.2638968458    0.6560109977
   6.1991323237    1.3407755474   -0.3858780683
   5.6275598144    2.2638968458   -0.3858780683
   4.7611144465    2.9182060153   -0.3858780683
   3.7168144680    3.2153349770   -0.3858780683
   6.0422908921    0.2735147667   -1.3649335353
   5.8176754022    1.3302475634   -1.3649335353
   4.2452855504   -1.4805857613   -2.1630668646
   5.0664567232   -0.7690368895   -2.1630668646
   3.9572448957   -0.6150796315   -2.6840113976
   2.2172701030   -0.5021320097    3.1364909307
   1.7042398881    0.3864623885    2.9555687930
   2.7303003180   -1.3907264079   -2.6825869317
   2.2172701030   -0.5021320097   -2.8635090693
   2.0905731545   -1.8222559536    3.2271307676
   3.1166335845   -1.8222559536    3.0462086299
   1.5775429396   -0.9336615554    3.0462086299
   2.6036033695   -2.7108503518    3.0462086299
   4.0189359836   -1.8222559536    2.5252640969
   2.8916440242   -3.5763564815    2.5252640969
   2.8934228565   -4.2931732642   -1.2728692324
   4.0189359836   -1.8222559536   -2.0710025618
   2.8916440242   -3.5763564815   -2.0710025618
   3.7128151971   -2.8648076098   -2.0710025618
   3.1166335845   -1.8222559536   -2.5919470948
   2.6036033695   -2.7108503518   -2.5919470948
   2.0905731545   -1.8222559536   -2.7728692324
   0.8510905342   -2.2460241507    3.2043302107
  -0.1749698958   -2.2460241507    3.0234080730
   0.3380603192   -3.1346185489    3.0234080730
   1.3641207492   -3.1346185489    3.0234080730
  -0.4117185633   -3.7033835380    2.5024635400
   0.5766558901   -4.1547590266    2.5024635400
   1.6521614039   -4.0001246787    2.5024635400
   0.5795176204   -4.8298678287    1.7043302107
   1.6539402362   -4.7169414613    1.7043302107
   0.0425742312   -5.0876642020    0.7252747437
   1.1236903215   -5.1878443610    0.7252747437
   2.1679903000   -4.8907153993    0.7252747437
   0.0425742312   -5.0876642020   -0.3166143223
   1.1236903215   -5.1878443610   -0.3166143223
   2.1679903000   -4.8907153993   -0.3166143223
   0.5795176204   -4.8298678287   -1.2956697893
   1.6539402362   -4.7169414613   -1.2956697893
  -0.4117185633   -3.7033835380   -2.0938031187
   0.5766558901   -4.1547590266   -2.0938031187
   1.6521614039   -4.0001246787   -2.0938031187
   0.3380603192   -3.1346185489   -2.6147476517
   1.3641207492   -3.1346185489   -2.6147476517
   0.8510905342   -2.2460241507   -2.7956697893
   0.1286384959   -1.1162856459    3.0898266366
  -0.3843917191   -0.2276912477    2.9089044990
  -0.3843917191   -2.0048800440   -2.7292512257
   0.1286384959   -1.1162856459   -2.9101733634
   0.9245486822   -0.0183720911    3.0442173876
   1.4375788972    0.8702223071    2.8632952500
  -0.1015117478   -0.0183720911   -2.7748604747
   1.4375788972   -0.9069664893   -2.7748604747
   0.9245486822   -0.0183720911   -2.9557826124
   0.4155158487    1.3152231805    2.9240758574
   1.4415762787    1.3152231805    2.7431537197
   0.9285460637    2.2038175787    2.7431537197
  -0.0975143662    2.2038175787    2.7431537197
   1.4415762787    1.3152231805   -2.8950020050
  -0.0975143662    2.2038175787   -2.8950020050
  -0.0975143662    0.4266287823   -2.8950020050
   0.4155158487    1.3152231805   -3.0759241426
   1.0764569172    2.3181112434    2.6812196273
   2.1479705278    2.3181112434    2.4680823183
   1.6122137225    3.2460692507    2.4680823183
   0.5407001119    3.2460692507    2.4680823183
   2.7910997372    3.3080607371    1.8611186146
   2.0664064109    4.0327540634    1.8611186146
   1.0764569172    4.2980102308    1.8611186146
   0.0865074236    4.0327540634    1.8611186146
   3.4396735782    3.3702830905    0.9527332379
   2.8074059182    4.2405248665    0.9527332379
   1.8758414509    4.7783638625    0.9527332379
   0.8060561354    4.8908028300    0.9527332379
   3.6873791596    3.3295879088   -0.1187803727
   3.1456818854    4.2044590457   -0.1187803727
   2.3245243134    4.8245684592   -0.1187803727
   1.3348083237    5.1061669371   -0.1187803727
   3.4396735782    3.3702830905   -1.1902939833
   2.8074059182    4.2405248665   -1.1902939833
   1.8758414509    4.7783638625   -1.1902939833
   0.8060561354    4.8908028300   -1.1902939833
   2.7910997372    3.3080607371   -2.0986793600
   2.0664064109    4.0327540634   -2.0986793600
   1.0764569172    4.2980102308   -2.0986793600
   2.1479705278    2.3181112434   -2.7056430637
   1.6122137225    3.2460692507   -2.7056430637
   0.5407001119    3.2460692507   -2.7056430637
   1.0764569172    2.3181112434   -2.9187803727
  -0.9780151141    1.3283738817    2.8587953830
  -0.4649848991    2.2169682799    2.6778732454
  -0.4649848991    0.4397794835    2.6778732454
  -0.4649848991    0.4397794835   -2.9602824793
  -0.9780151141    1.3283738817   -3.1412046170
  -0.6338998925    2.6176839112    2.5501191245
  -1.1469301075    3.5062783094    2.5501191245
  -0.8588894528    4.3717844392    2.0291745915
  -1.9315332363    5.2015275892    1.2310412621
  -2.4684766255    5.4593239625    0.2519857951
  -3.4403981089    4.9753645686    0.2519857951
  -2.4684766255    5.4593239625   -0.7899032709
  -3.4403981089    4.9753645686   -0.7899032709
  -4.1718616035    4.1729873375   -0.7899032709
  -4.5640789112    3.1605577605   -0.7899032709
  -1.9315332363    5.2015275892   -1.7689587379
  -2.9589984282    4.8676839112   -1.7689587379
  -0.0377182800    3.6602355675   -2.5670920672
  -0.8588894528    4.3717844392   -2.5670920672
  -0.6338998925    2.6176839112   -3.0880366002
  -1.8152065940    0.2176292463    2.9015385156
  -2.3282368090    1.1062236445    2.7206163780
  -2.8412670240    0.2176292463    2.7206163780
  -2.3282368090   -0.6709651518   -2.9175393468
  -1.8152065940    0.2176292463   -3.0984614844
  -3.5409969949    1.2710337246    2.4198078958
  -4.0767538002    0.3430757173    2.4198078958
  -4.7198830096    1.3330252109    1.8128441921
  -4.9851391769    0.3430757173    1.8128441921
  -4.7198830096   -0.6468737764    1.8128441921
  -5.0980560688    1.8635954568    0.9044588154
  -5.5355737243    0.8809147133    0.9044588154
  -5.5355737243   -0.1947632787    0.9044588154
  -5.0980560688   -1.1774440222    0.9044588154
  -4.6926171715    2.5775239537   -0.1670547953
  -5.3858481697    1.8170857733   -0.1670547953
  -5.7575648687    0.8575743672   -0.1670547953
  -5.7575648687   -0.1714229326   -0.1670547953
  -5.3858481697   -1.1309343388   -0.1670547953
  -5.0980560688    1.8635954568   -1.2385684059
  -5.5355737243    0.8809147133   -1.2385684059
  -5.5355737243   -0.1947632787   -1.2385684059
  -5.0980560688   -1.1774440222   -1.2385684059
  -4.7198830096    1.3330252109   -2.1469537826
  -4.9851391769    0.3430757173   -2.1469537826
  -4.7198830096   -0.6468737764   -2.1469537826
  -3.5409969949    1.2710337246   -2.7539174863
  -4.0767538002    0.3430757173   -2.7539174863
  -3.5409969949   -0.5848822900   -2.7539174863
  -3.0052401896    0.3430757173   -2.9670547953
  -1.2355982411   -1.0197941070    3.0254843372
  -0.7225680261   -0.1311997088    2.8445621996
  -0.7225680261   -1.9083885051   -2.7935935251
  -1.2355982411   -1.0197941070   -2.9745156628
  -1.0780350456   -2.1906610792    2.8816818372
  -1.5910652606   -3.0792554774    2.8816818372
  -2.3785301197   -4.0993959551    2.3607373042
  -3.4031335812   -4.4406610792    1.5626039748
  -4.6159967566   -3.7459645055    0.5835485078
  -3.8845332620   -4.5483417366    0.5835485078
  -2.9126117786   -5.0323011305    0.5835485078
  -5.0082140643   -1.6477872299   -0.4583405582
  -5.0082140643   -2.7335349285   -0.4583405582
  -4.6159967566   -3.7459645055   -0.4583405582
  -3.8845332620   -4.5483417366   -0.4583405582
  -2.9126117786   -5.0323011305   -0.4583405582
  -2.3756683894   -4.7745047572   -1.4373960252
  -1.3030246059   -3.9447616071   -2.2355293545
  -1.0780350456   -2.1906610792   -2.7564738875
   3.4520214127    0.9591993060    3.3697952268
   4.4933423866    0.9591993060    3.1321205098
   3.9726818996    1.8610097229    3.1321205098
   2.9313609257    1.8610097229    3.1321205098
   2.4107004388    0.9591993060    3.1321205098
   2.9313609257    0.0573888891    3.1321205098
   3.9726818996    0.0573888891    3.1321205098
   5.3284169706    0.9591993060    2.4661707513
   5.0305458048    1.9736553343    2.4661707513
   4.2315042978    2.6660287414    2.4661707513
   3.1849824823    2.8164958627    2.4661707513
   2.2232436405    2.3772844502    2.4661707513
   5.5601326863    1.9744121890    1.5038454683
   4.9108796786    2.7885497097    1.5038454683
   3.9726818996    3.2403619475    1.5038454683
   3.9726818996    3.2403619475    0.4357449853
   5.3203865232   -0.4086118776    2.3786019051
   4.7997260363   -1.3104222945    2.3786019051
   6.1554611073   -0.4086118776    1.7126521466
   5.0585484344   -2.1154413131    1.7126521466
   5.8575899414   -1.4230679060    1.7126521466
   6.6188925386   -0.4086118776    0.7503268636
   6.3871768229    0.6066010053    0.7503268636
   5.7379238153   -2.2379622814    0.7503268636
   6.3871768229   -1.4238247606    0.7503268636
   6.6188925386   -0.4086118776   -0.3177736194
   5.7379238153   -2.2379622814   -0.3177736194
   6.3871768229   -1.4238247606   -0.3177736194
   6.1554611073   -0.4086118776   -1.2800989023
   5.0585484344   -2.1154413131   -1.2800989023
   5.8575899414   -1.4230679060   -1.2800989023
   5.6329937611    1.8551025550   -1.3152609026
   4.9837407534    2.6692400758   -1.3152609026
   4.0455429744    3.1210523135   -1.3152609026
   5.4012780454    0.8398896720   -2.2775861856
   5.1034068796    1.8543457004   -2.2775861856
   4.3043653726    2.5467191075   -2.2775861856
   3.2578435571    2.6971862287   -2.2775861856
   4.5662034614    0.8398896720   -2.9435359441
   4.0455429744    1.7417000889   -2.9435359441
   3.0042220006    1.7417000889   -2.9435359441
   2.4835615136    0.8398896720   -2.9435359441
   3.0042220006   -0.0619207448   -2.9435359441
   4.0455429744   -0.0619207448   -2.9435359441
   3.5248824875    0.8398896720   -3.1812106611
   3.9832817459   -2.4672265475    2.4736176567
   3.4626212589   -3.3690369643    2.4736176567
   4.8183563299   -2.4672265475    1.8076678982
   2.6749218416   -4.3245231041    1.8076678982
   3.7214436571   -4.1740559829    1.8076678982
   4.5204851641   -3.4816825758    1.8076678982
   2.4213002851   -4.7483891889    0.8453426153
   3.4626212589   -4.7483891889    0.8453426153
   4.4008190379   -4.2965769512    0.8453426153
   5.0500720456   -3.4824394304    0.8453426153
   3.4626212589   -4.7483891889   -0.2227578677
   4.4008190379   -4.2965769512   -0.2227578677
   5.0500720456   -3.4824394304   -0.2227578677
   4.8183563299   -2.4672265475   -1.1850831507
   3.7214436571   -4.1740559829   -1.1850831507
   4.5204851641   -3.4816825758   -1.1850831507
  -0.1285531772    5.0927514315    1.1972867792
  -1.1750749926    5.2432185527    1.1972867792
   0.5508222036    5.2152723998    0.2349614963
  -0.3873755753    5.6670846375    0.2349614963
  -1.4286965492    5.6670846375    0.2349614963
   0.5508222036    5.2152723998   -0.8331389867
  -0.3873755753    5.6670846375   -0.8331389867
  -1.4286965492    5.6670846375   -0.8331389867
  -0.1285531772    5.0927514315   -1.7954642697
  -1.1750749926    5.2432185527   -1.7954642697
  -0.3873755753    4.2877324129   -2.4614140282
  -3.7079888074    4.4629337108   -1.7084395887
  -4.3572418151    3.6487961900   -1.7084395887
  -4.5889575307    2.6335833071   -1.7084395887
  -2.5161694718    4.4908798638   -2.6707648716
  -3.4779083137    4.0516684513   -2.6707648716
  -4.0495188950    3.1622250252   -2.6707648716
  -4.0495188950    2.1049415889   -2.6707648716
  -1.2078095676    2.6335833071   -3.3367146301
  -1.7284700545    3.5353937239   -3.3367146301
  -2.7697910284    3.5353937239   -3.3367146301
  -3.2904515154    2.6335833071   -3.3367146301
  -2.7697910284    1.7317728902   -3.3367146301
  -1.7284700545    1.7317728902   -3.3367146301
  -2.2491305415    2.6335833071   -3.5743893472
  -2.3185918109    2.7708189921    2.9738021365
  -1.2772708370    2.7708189921    2.7361274195
  -1.7979313239    3.6726294090    2.7361274195
  -2.8392522978    3.6726294090    2.7361274195
  -3.3599127848    2.7708189921    2.7361274195
  -2.8392522978    1.8690085753    2.7361274195
  -1.7979313239    1.8690085753    2.7361274195
  -2.5856307412    4.6281155488    2.0701776610
  -3.5473695831    4.1889041364    2.0701776610
  -4.1189801644    3.2994607103    2.0701776610
  -4.1189801644    2.2421772740    2.0701776610
  -2.8392522978    5.0519816336    1.1078523780
  -3.7774500768    4.6001693958    1.1078523780
  -4.4267030845    3.7860318751    1.1078523780
  -4.6584188001    2.7708189921    1.1078523780
  -4.4267030845    3.7860318751    0.0397518950
  -4.6584188001    2.7708189921    0.0397518950
  -0.9643733758   -3.9590793933    2.3887583674
  -1.7520727931   -4.9145655331    1.7228086089
  -0.7055509776   -4.7640984119    1.7228086089
  -2.0056943497   -5.3384316179    0.7604833259
  -0.9643733758   -5.3384316179    0.7604833259
  -2.0056943497   -5.3384316179   -0.3076171571
  -0.9643733758   -5.3384316179   -0.3076171571
  -1.7520727931   -4.9145655331   -1.2699424401
  -0.7055509776   -4.7640984119   -1.2699424401
  -4.9776845231   -2.2902932419   -1.4065771116
  -4.7459688074   -3.3055061249   -1.4065771116
  -4.0967157997   -4.1196436457   -1.4065771116
  -4.4382458874   -1.7616515238   -2.3689023946
  -4.4382458874   -2.8189349601   -2.3689023946
  -3.8666353061   -3.7083783862   -2.3689023946
  -2.9048964642   -4.1475897986   -2.3689023946
  -1.8583746488   -3.9971226774   -2.3689023946
  -1.5965365600   -2.2902932419   -3.0348521531
  -2.1171970469   -1.3884828251   -3.0348521531
  -3.1585180208   -1.3884828251   -3.0348521531
  -3.6791785077   -2.2902932419   -3.0348521531
  -3.1585180208   -3.1921036588   -3.0348521531
  -2.1171970469   -3.1921036588   -3.0348521531
  -2.6378575338   -2.2902932419   -3.2725268701
  -2.8222927206   -2.0897797372    3.2631484734
  -2.3016322337   -1.1879693203    3.0254737564
  -3.3429532076   -1.1879693203    3.0254737564
  -3.8636136945   -2.0897797372    3.0254737564
  -3.3429532076   -2.9915901540    3.0254737564
  -2.3016322337   -2.9915901540    3.0254737564
  -4.0510704928   -0.6716945929    2.3595239979
  -4.6226810742   -1.5611380190    2.3595239979
  -4.6226810742   -2.6184214553    2.3595239979
  -4.0510704928   -3.5078648814    2.3595239979
  -3.0893316510   -3.9470762938    2.3595239979
  -4.9304039942   -1.0745668542    1.3971987149
  -5.1621197099   -2.0897797372    1.3971987149
  -4.9304039942   -3.1049926201    1.3971987149
  -4.2811509865   -3.9191301409    1.3971987149
  -5.1621197099   -2.0897797372    0.3290982319
